seq01_02/frame-000000 0.203 0.36 0.281 373.356 97.921 7.939 325.578
seq01_02/frame-000010 0.257 0.31 0.214 259.098 100.576 7.301 344.321
seq01_02/frame-000020 0.248 0.294 0.249 373.366 81.043 6.385 351.233
seq01_02/frame-000030 0.23 0.284 0.323 504.797 298.843 6.153 299.726
seq01_02/frame-000040 0.206 0.251 0.278 374.338 169.772 5.918 292.797
seq01_02/frame-000050 0.179 0.323 0.226 292.565 205.915 5.893 230.011
seq01_02/frame-000060 0.151 0.449 0.187 230.271 97.948 5.169 181.102
seq01_02/frame-000070 0.14 0.646 0.222 236.136 35.193 2.999 178.115
seq01_02/frame-000080 0.208 0.238 0.134 178.39 73.788 2.447 173.392
seq01_02/frame-000090 0.13 0.463 0.129 133.47 117.991 1.994 140.141
seq01_02/frame-000100 0.108 0.549 0.119 124.415 72.815 1.775 122.523
seq01_02/frame-000110 0.136 0.594 0.117 144.708 30.197 2.115 100.06
seq01_02/frame-000120 0.149 0.499 0.26 258.42 66.79 2.586 85.2727
seq01_02/frame-000130 0.17 0.38 0.281 297.695 509.642 2.664 99.8173
seq01_02/frame-000140 0.192 0.23 0.311 339.277 72.39 2.609 125.784
seq01_02/frame-000150 0.275 -0.058 0.351 421.353 32.943 2.994 184.497
seq01_02/frame-000160 0.376 0.191 0.398 473.801 42.64 2.608 306.057
seq01_02/frame-000170 0.334 0.374 0.339 373.767 123.004 2.546 381.168
seq01_02/frame-000180 0.332 0.367 0.332 400.259 66.431 2.775 315.232
seq01_02/frame-000190 0.28 0.406 0.324 366.567 42.194 3.101 225.938
seq01_02/frame-000200 0.259 0.453 0.319 333.777 47.801 2.896 213.699
seq01_02/frame-000210 0.244 0.353 0.329 323.255 60.702 3.01 157.982
seq01_02/frame-000220 0.161 0.414 0.223 153.958 9.144 2.1 147.068
seq01_02/frame-000230 0.143 0.391 0.189 69.304 36.184 1.686 164.128
seq01_02/frame-000240 0.185 0.303 0.218 108.592 49.768 1.316 129.919
seq01_02/frame-000250 0.206 0.256 0.201 105.283 18.272 1.607 95.4449
seq01_02/frame-000260 0.239 0.139 0.232 136.027 13.468 1.741 161.24
seq01_02/frame-000270 0.192 0.346 0.183 101.682 9.764 2.033 141.163
seq01_02/frame-000280 0.147 0.551 0.129 82.909 11.423 2.255 169.901
seq01_02/frame-000290 0.123 0.628 0.142 119.826 25.518 1.876 294.267
seq01_02/frame-000300 0.11 0.691 0.131 124.849 33.95 1.936 367.013
seq01_02/frame-000310 0.113 0.688 0.139 130.939 78.91 1.822 370.747
seq01_02/frame-000320 0.117 0.707 0.155 133.936 101.312 1.631 351.169
seq01_02/frame-000330 0.137 0.672 0.198 164.976 15.714 1.508 343.625
seq01_02/frame-000340 0.149 0.651 0.173 143.624 15.466 1.245 401.779
seq01_02/frame-000350 0.147 0.701 0.102 77.752 24.898 0.971 458.755
seq01_02/frame-000360 0.173 0.69 0.189 145.369 18.087 1.166 371.25
seq01_02/frame-000370 0.143 0.797 0.172 118.919 21.165 1.214 325.289
seq01_02/frame-000380 0.136 0.742 0.13 61.715 15.597 1.256 368.894
seq01_02/frame-000390 0.126 0.743 0.136 59.802 14.036 1.162 407.897
seq01_02/frame-000400 0.118 0.812 0.173 102.097 18.81 1.213 310.365
seq01_02/frame-000410 0.139 0.768 0.175 111.749 56.096 1.109 322.783
seq01_02/frame-000420 0.106 0.795 0.116 67.875 7.878 1.097 394.845
seq01_02/frame-000430 0.065 0.875 0.04 29.462 17.06 1.195 466.565
seq01_02/frame-000440 0.062 0.882 0.025 30.501 24.627 1.444 407.146
seq01_02/frame-000450 0.062 0.896 0.021 27.875 13.012 1.592 360.114
seq01_02/frame-000460 0.068 0.887 0.028 32.54 25.495 2.023 399.941
seq01_02/frame-000470 0.077 0.857 0.044 34.106 27.797 2.637 327.343
seq01_02/frame-000480 0.094 0.843 0.04 35.042 28.973 2.579 332.197
seq01_02/frame-000490 0.091 0.761 0.039 30.122 20.565 1.995 276.768
seq01_02/frame-000500 0.086 0.639 0.045 20.248 8.952 1.46 161.38
seq01_02/frame-000510 0.082 0.623 0.063 26.109 10.101 1.75 173.448
seq01_02/frame-000520 0.11 0.519 0.122 43.972 13.957 1.475 232.294
seq01_02/frame-000530 0.184 0.31 0.17 54.58 60.152 1.664 137.351
seq01_02/frame-000540 0.219 0.327 0.127 57.154 45.393 1.709 42.4365
seq01_02/frame-000550 0.161 0.381 0.153 54.281 10.744 1.618 202.961
seq01_02/frame-000560 0.185 0.313 0.163 60.442 23.801 1.625 114.9
seq01_02/frame-000570 0.184 0.353 0.173 60.952 26.724 1.376 151.763
seq01_02/frame-000580 0.199 0.319 0.196 56.63 59.268 1.063 83.6893
seq01_02/frame-000590 0.193 0.355 0.188 56.046 123.364 1.085 147.276
seq01_02/frame-000600 0.215 0.285 0.182 60.212 29.791 1.528 191.607
seq01_02/frame-000610 0.217 0.227 0.172 61.007 7.508 2.066 284.097
seq01_02/frame-000620 0.14 0.473 0.081 34.552 21.717 1.552 255.842
seq01_02/frame-000630 0.144 0.484 0.085 34.51 10.935 1.496 230.816
seq01_02/frame-000640 0.187 0.396 0.169 62.591 39.038 1.439 228.535
seq01_02/frame-000650 0.177 0.357 0.193 79.16 30.987 1.067 147.583
seq01_02/frame-000660 0.156 0.472 0.218 92.751 67.502 0.899 169.695
seq01_02/frame-000670 0.178 0.228 0.17 99.44 13.556 0.815 149.705
seq01_02/frame-000680 0.164 0.26 0.125 86.98 79.202 0.688 28.6226
seq01_02/frame-000690 0.127 0.346 0.109 56.76 80.83 0.641 91.0731
seq01_02/frame-000700 0.12 0.413 0.083 41.544 124.77 0.586 90.8172
seq01_02/frame-000710 0.126 0.423 0.091 41.855 39.854 0.601 137.831
seq01_02/frame-000720 0.141 0.422 0.09 52.691 64.48 0.837 120.221
seq01_02/frame-000730 0.19 0.192 0.127 85.227 41.761 0.889 78.2904
seq01_02/frame-000740 0.239 0.135 0.185 86.692 46.97 0.811 73.3885
seq01_02/frame-000750 0.217 0.113 0.166 83.164 43.371 0.669 63.6641
seq01_02/frame-000760 0.227 -0.013 0.185 90.651 28.561 0.642 121.208
seq01_02/frame-000770 0.213 -0.023 0.193 90.214 35.258 0.662 118.343
seq01_02/frame-000780 0.18 0.179 0.171 93.343 87.767 0.844 129.502
seq01_02/frame-000790 0.158 0.362 0.153 88.649 101.927 1.053 134.887
seq01_02/frame-000800 0.132 0.468 0.124 69.035 92.523 1.189 77.4005
seq01_02/frame-000810 0.118 0.528 0.085 49.887 85.829 1.291 67.2085
seq01_02/frame-000820 0.11 0.635 0.096 43.014 55.829 1.27 56.7047
seq01_02/frame-000830 0.133 0.722 0.141 45.017 20.792 1.102 46.4757
seq01_02/frame-000840 0.12 0.676 0.129 43.245 22.044 1.265 29.2717
seq01_02/frame-000850 0.112 0.538 0.093 51.373 26.782 1.246 174.966
seq01_02/frame-000860 0.142 0.566 0.147 71.627 62.556 1.177 232.763
seq01_02/frame-000870 0.148 0.583 0.172 75.088 99.883 1.281 275.596
seq01_02/frame-000880 0.186 0.58 0.199 70.739 46.903 1.184 352.92
seq01_02/frame-000890 0.213 0.621 0.162 38.695 65.584 0.935 429.444
seq01_02/frame-000900 0.212 0.618 0.148 41.081 72.897 0.894 447.158
seq01_02/frame-000910 0.229 0.604 0.13 57.775 33.453 0.875 431.603
seq01_02/frame-000920 0.162 0.643 0.044 17.53 24.896 0.644 560.561
seq01_02/frame-000930 0.142 0.686 0.021 11.358 34.881 0.579 599.25
seq01_02/frame-000940 0.17 0.472 0.201 63.66 31.204 1.306 293.448
seq01_02/frame-000950 0.141 0.352 0.191 73.667 36.889 1.55 157.308
seq01_02/frame-000960 0.156 0.391 0.153 62.653 13.303 1.558 119.559
seq01_02/frame-000970 0.251 0.376 0.415 334.587 32.796 1.676 51.811
seq01_02/frame-000980 0.263 0.484 0.482 449.044 39.354 1.551 114.219
seq01_02/frame-000990 0.266 0.448 0.466 407.766 15.381 1.382 97.6305
seq01_02/frame-001000 0.248 0.22 0.263 139.373 9.066 1.099 161.589
seq01_02/frame-001010 0.333 0.027 0.22 69.207 14.373 1.152 152.193
seq01_02/frame-001020 0.19 0.456 0.137 51.828 7.14 1.333 214.163
seq01_02/frame-001030 0.063 0.882 0.034 27.211 10.2 1.141 450.781
seq01_02/frame-001040 0.066 0.84 0.022 26.493 12.774 1.048 613.986
seq01_02/frame-001050 0.085 0.714 0.022 32.724 33.887 0.848 665.403
seq01_02/frame-001060 0.093 0.612 0.014 32.905 28.342 0.68 640.28
seq01_02/frame-001070 0.115 0.55 0.005 35.958 27.638 0.555 702.83
seq01_02/frame-001080 0.102 0.495 0.0 34.73 17.501 0.465 697.005
seq01_02/frame-001090 0.107 0.529 0.006 36.159 23.401 0.418 695.871
seq01_02/frame-001100 0.127 0.625 0.12 35.059 20.813 0.416 639.329
seq01_02/frame-001110 0.125 0.684 0.107 29.614 18.842 0.354 527.393
seq01_02/frame-001120 0.104 0.755 0.182 30.595 13.377 0.25 598.395
seq01_02/frame-001130 0.073 0.93 0.102 28.039 12.786 0.126 654.102
seq01_02/frame-001140 0.127 0.911 0.083 29.05 11.283 0.175 719.503
seq01_02/frame-001150 0.191 0.849 0.072 31.578 11.757 0.251 702.716
seq01_02/frame-001160 0.279 0.624 0.059 41.309 11.956 0.291 410.938
seq01_02/frame-001170 0.159 0.821 0.048 36.998 11.759 0.326 399.651
seq01_02/frame-001180 0.164 0.829 0.049 37.829 12.245 0.312 436.8
seq01_02/frame-001190 0.319 0.582 0.062 47.081 12.317 0.15 535.538
seq01_02/frame-001200 0.135 0.844 0.051 55.248 11.956 0.063 445.552
seq01_02/frame-001210 0.144 0.819 0.09 53.84 12.756 0.066 404.162
seq01_02/frame-001220 0.197 0.673 0.122 49.069 16.282 0.087 457.998
seq01_02/frame-001230 0.235 0.602 0.189 51.394 15.938 0.145 345.347
seq01_02/frame-001240 0.161 0.656 0.162 43.05 13.581 0.17 315.301
seq01_02/frame-001250 0.086 0.814 0.101 31.27 12.463 0.164 298.648
seq01_02/frame-001260 0.093 0.755 0.046 26.432 15.57 0.141 170.442
seq01_02/frame-001270 0.087 0.651 0.034 30.52 7.811 0.542 144.652
seq01_02/frame-001280 0.102 0.597 0.074 34.406 10.237 1.629 154.719
seq01_02/frame-001290 0.135 0.607 0.099 34.008 29.682 2.282 134.519
seq01_02/frame-001300 0.093 0.718 0.12 29.605 112.05 2.099 131.21
seq01_02/frame-001310 0.08 0.74 0.111 31.962 132.896 1.737 138.602
seq01_02/frame-001320 0.152 0.497 0.134 46.834 27.027 1.551 122.054
seq01_02/frame-001330 0.154 0.365 0.131 80.242 60.084 1.393 60.0017
seq01_02/frame-001340 0.183 0.406 0.129 76.485 110.009 1.343 131.764
seq01_02/frame-001350 0.11 0.531 0.078 53.034 175.258 1.149 145.889
seq01_02/frame-001360 0.094 0.653 0.112 50.138 154.483 1.108 161.683
seq01_02/frame-001370 0.093 0.602 0.083 50.845 84.574 1.079 183.667
seq01_02/frame-001380 0.184 0.337 0.14 83.146 148.455 1.107 146.015
seq01_02/frame-001390 0.127 0.511 0.072 56.707 62.809 1.143 98.1135
seq01_02/frame-001400 0.122 0.757 0.194 50.343 79.158 1.472 161.194
seq01_02/frame-001410 0.203 0.399 0.274 45.669 16.093 1.843 122.072
seq01_02/frame-001420 0.314 0.146 0.259 31.753 158.962 1.918 227.789
seq01_02/frame-001430 0.263 0.162 0.223 22.241 34.837 1.569 271.061
seq01_02/frame-001440 0.229 0.279 0.212 20.499 46.781 1.192 266.763
seq01_02/frame-001450 0.318 0.1 0.16 21.432 19.999 1.05 190.03
seq01_02/frame-001460 0.287 -0.005 0.212 18.47 98.832 1.147 287.725
seq01_02/frame-001470 0.229 0.325 0.254 24.736 41.189 1.216 169.052
seq01_02/frame-001480 0.141 0.814 0.3 31.726 27.165 0.799 106.29
seq01_02/frame-001490 0.135 0.844 0.267 29.199 22.816 0.757 177.634
seq01_02/frame-001500 0.106 0.817 0.174 18.631 21.406 0.952 198.732
seq01_02/frame-001510 0.088 0.747 0.09 19.083 13.117 1.068 182.555
seq01_02/frame-001520 0.115 0.753 0.091 20.046 20.933 0.889 359.815
seq01_02/frame-001530 0.119 0.793 0.07 17.45 11.628 0.786 427.816
seq01_02/frame-001540 0.181 0.76 0.243 122.492 9.196 1.117 327.759
seq01_02/frame-001550 0.161 0.591 0.298 146.245 9.278 1.297 101.071
seq01_02/frame-001560 0.186 0.681 0.322 126.857 11.168 1.166 175.254
seq01_02/frame-001570 0.157 0.689 0.136 45.103 13.817 1.2 203.707
seq01_02/frame-001580 0.104 0.717 0.125 41.522 49.037 0.983 108.054
seq01_02/frame-001590 0.088 0.806 0.175 32.855 13.885 0.759 204.785
seq01_02/frame-001600 0.069 0.747 0.166 24.586 7.603 0.556 240.443
seq01_02/frame-001610 0.208 0.119 0.175 16.483 16.016 0.537 218.852
seq01_02/frame-001620 0.227 0.017 0.078 14.785 23.356 0.551 209.643
seq01_02/frame-001630 0.202 -0.015 0.042 14.59 22.786 0.513 116.468
seq01_02/frame-001640 0.249 0.455 0.038 15.07 12.321 0.39 119.208
seq01_02/frame-001650 0.107 0.603 0.026 24.58 7.602 0.411 289.031
seq01_02/frame-001660 0.092 0.799 0.058 24.842 7.84 0.461 268.316
seq01_02/frame-001670 0.108 0.36 0.048 30.717 6.136 0.417 202.13
seq01_02/frame-001680 0.204 0.346 0.258 58.184 15.695 0.354 295.36
seq01_02/frame-001690 0.226 0.167 0.5 191.817 6.016 0.361 273.689
seq01_02/frame-001700 0.197 0.144 0.444 204.11 9.218 0.426 287.647
seq01_02/frame-001710 0.206 0.141 0.632 418.184 7.294 0.4 348.548
seq01_02/frame-001720 0.22 0.487 0.87 614.242 5.667 0.226 328.167
seq01_02/frame-001730 0.23 0.527 0.832 542.731 6.459 0.653 325.966
seq01_02/frame-001740 0.197 0.57 0.623 360.844 9.083 0.902 173.59
seq01_02/frame-001750 0.168 0.61 0.465 281.849 13.504 0.898 215.581
seq01_02/frame-001760 0.165 0.585 0.504 327.946 12.467 1.007 230.885
seq01_02/frame-001770 0.167 0.494 0.596 394.076 41.026 1.135 217.531
seq01_02/frame-001780 0.172 0.504 0.565 363.4 13.131 1.063 222.171
seq01_02/frame-001790 0.168 0.418 0.622 421.271 11.998 1.26 233.211
seq01_02/frame-001800 0.177 0.349 0.733 558.341 12.463 1.419 250.739
seq01_02/frame-001810 0.133 0.381 0.671 670.069 11.509 1.551 154.705
seq01_02/frame-001820 0.131 0.342 0.721 708.286 11.4 0.801 263.098
seq01_02/frame-001830 0.154 0.5 0.746 573.812 11.81 0.441 338.828
seq01_02/frame-001840 0.182 0.591 0.675 417.701 11.578 0.443 354.922
seq01_02/frame-001850 0.105 0.499 0.576 532.28 9.801 0.779 363.87
seq01_02/frame-001860 0.107 0.416 0.785 959.389 8.939 2.166 117.835
seq01_02/frame-001870 0.155 0.397 0.681 1131.611 9.822 3.147 136.239
seq01_02/frame-001880 0.152 0.232 0.633 1027.387 10.777 3.31 256.147
seq01_02/frame-001890 0.167 0.124 0.525 883.062 19.623 3.012 254.331
seq01_02/frame-001900 0.19 0.071 0.474 762.12 17.189 1.821 383.303
seq01_02/frame-001910 0.183 0.224 0.387 336.102 17.096 0.406 510.768
seq01_02/frame-001920 0.154 0.292 0.233 107.441 47.144 0.369 385.45
seq01_02/frame-001930 0.178 0.263 0.316 215.783 17.982 0.396 425.866
seq01_02/frame-001940 0.246 0.459 0.344 553.072 17.546 1.209 497.218
seq01_02/frame-001950 0.498 0.229 0.122 299.794 28.194 3.118 394.857
seq01_02/frame-001960 0.504 0.069 0.04 82.502 43.349 4.798 288.929
seq01_02/frame-001970 0.384 0.014 0.117 163.295 26.897 5.734 269.673
seq01_02/frame-001980 0.229 0.444 0.176 194.962 8.798 5.756 240.071
seq01_02/frame-001990 0.15 0.648 0.268 238.148 23.376 5.361 176.781
seq01_02/frame-002000 0.139 0.675 0.242 214.488 35.368 4.978 192.699
seq01_02/frame-002010 0.102 0.768 0.127 103.532 48.279 4.292 249.374
seq01_02/frame-002020 0.069 0.869 0.031 30.693 10.142 2.472 271.187
seq01_02/frame-002030 0.094 0.372 0.032 29.204 6.21 0.349 302.435
seq01_02/frame-002040 0.079 0.339 0.014 26.215 5.648 0.14 328.856
seq01_02/frame-002050 0.058 0.938 0.0 13.378 5.702 0.03 560.522
seq01_02/frame-002060 0.058 0.892 0.025 29.019 6.517 1.059 478.812
