frame	NSSD	NCCOEFF	SemanticChange	GeometricChange	VoL	Context	PoseNovelity
seq09_02/frame-000000 0.571 0.531 0.312 296.868 72.369 1.58 316.253
seq09_02/frame-000010 0.572 0.531 0.315 298.317 73.172 1.572 317.699
seq09_02/frame-000020 0.571 0.531 0.314 298.363 67.618 1.583 317.713
seq09_02/frame-000030 0.57 0.532 0.316 299.22 76.939 1.581 318.809
seq09_02/frame-000040 0.569 0.532 0.316 299.087 75.751 1.588 318.298
seq09_02/frame-000050 0.579 0.531 0.317 298.007 65.954 1.518 313.685
seq09_02/frame-000060 0.604 0.54 0.326 291.808 26.389 1.352 304.662
seq09_02/frame-000070 0.858 0.593 0.43 282.29 12.391 1.011 297.587
seq09_02/frame-000080 1.0 0.636 0.461 267.538 11.352 0.934 291.365
seq09_02/frame-000090 1.0 0.667 0.506 249.985 7.906 0.871 294.024
seq09_02/frame-000100 1.0 0.69 0.56 231.159 7.491 0.836 279.569
seq09_02/frame-000110 1.0 0.657 0.601 217.292 6.877 1.692 276.948
seq09_02/frame-000120 1.0 0.583 0.575 221.51 9.385 1.992 286.199
seq09_02/frame-000130 1.0 0.568 0.568 220.599 9.022 2.043 290.292
seq09_02/frame-000140 1.0 0.574 0.564 219.254 9.795 2.036 290.669
seq09_02/frame-000150 1.0 0.582 0.565 218.967 10.367 2.03 289.377
seq09_02/frame-000160 1.0 0.591 0.572 219.999 10.367 2.004 286.932
seq09_02/frame-000170 1.0 0.595 0.573 219.732 10.201 2.006 286.744
seq09_02/frame-000180 1.0 0.599 0.576 220.195 10.28 1.955 286.527
seq09_02/frame-000190 1.0 0.542 0.478 196.738 6.189 2.112 275.368
seq09_02/frame-000200 1.0 0.467 0.448 166.608 6.774 2.467 282.626
seq09_02/frame-000210 1.0 0.57 0.39 117.619 6.739 3.117 194.216
seq09_02/frame-000220 1.0 0.585 0.322 95.647 7.928 3.072 253.178
seq09_02/frame-000230 1.0 0.605 0.31 74.856 11.147 1.503 262.553
seq09_02/frame-000240 1.0 0.673 0.282 72.995 13.136 1.604 256.763
seq09_02/frame-000250 1.0 0.609 0.205 75.267 10.838 1.739 215.342
seq09_02/frame-000260 1.0 0.333 0.088 73.494 9.678 1.947 189.237
seq09_02/frame-000270 0.841 0.051 0.069 91.335 11.567 2.296 150.054
seq09_02/frame-000280 0.688 0.181 0.095 130.06 21.956 2.689 217.601
seq09_02/frame-000290 0.655 0.15 0.129 150.483 36.364 3.181 209.254
seq09_02/frame-000300 0.619 0.149 0.15 155.386 157.789 3.603 163.824
seq09_02/frame-000310 0.584 0.179 0.186 171.651 143.318 4.02 190.093
seq09_02/frame-000320 0.568 0.239 0.214 184.323 199.801 4.047 228.73
seq09_02/frame-000330 0.574 0.433 0.284 218.538 110.096 4.007 231.39
seq09_02/frame-000340 0.679 0.519 0.293 201.552 22.281 3.732 222.95
seq09_02/frame-000350 0.74 0.713 0.237 173.384 16.869 3.442 244.558
seq09_02/frame-000360 0.886 0.682 0.209 150.75 7.224 3.256 190.371
seq09_02/frame-000370 1.0 0.632 0.19 117.425 7.176 3.132 231.948
seq09_02/frame-000380 1.0 0.715 0.138 77.082 7.759 3.264 189.51
seq09_02/frame-000390 1.0 0.777 0.138 74.762 9.413 3.528 172.182
seq09_02/frame-000400 1.0 0.789 0.143 72.797 8.648 3.705 173.66
seq09_02/frame-000410 1.0 0.79 0.15 72.285 11.827 3.882 178.555
seq09_02/frame-000420 1.0 0.786 0.136 74.797 8.746 4.223 179.184
seq09_02/frame-000430 1.0 0.77 0.126 78.4 8.31 5.08 120.192
seq09_02/frame-000440 1.0 0.703 0.125 102.429 9.107 6.219 161.183
seq09_02/frame-000450 1.0 0.509 0.141 128.402 15.403 7.3 210.617
seq09_02/frame-000460 1.0 0.38 0.173 176.143 23.486 9.643 268.263
seq09_02/frame-000470 1.0 0.381 0.199 257.229 85.089 10.475 272.365
seq09_02/frame-000480 1.0 0.339 0.218 304.128 223.549 11.3 264.804
seq09_02/frame-000490 1.0 0.338 0.24 381.826 389.203 11.772 230.566
seq09_02/frame-000500 1.0 0.304 0.268 452.649 341.422 12.395 242.494
seq09_02/frame-000510 1.0 0.256 0.296 497.577 783.781 12.29 271.18
seq09_02/frame-000520 1.0 0.239 0.216 446.947 733.315 14.377 244.566
seq09_02/frame-000530 1.0 0.322 0.201 341.365 851.872 12.799 190.167
seq09_02/frame-000540 1.0 0.4 0.18 255.611 803.996 12.652 177.163
seq09_02/frame-000550 1.0 0.405 0.147 180.922 488.6 11.681 167.594
seq09_02/frame-000560 1.0 0.367 0.113 130.232 189.766 9.272 195.705
seq09_02/frame-000570 1.0 0.397 0.126 128.514 74.504 6.921 163.125
seq09_02/frame-000580 1.0 0.498 0.13 116.471 22.755 4.831 98.0284
seq09_02/frame-000590 1.0 0.571 0.14 115.986 32.255 4.136 108.087
seq09_02/frame-000600 1.0 0.657 0.124 94.765 10.267 3.626 179.882
seq09_02/frame-000610 1.0 0.75 0.136 84.221 7.481 3.032 199.736
seq09_02/frame-000620 1.0 0.772 0.131 64.183 6.525 2.608 143.548
seq09_02/frame-000630 1.0 0.544 0.116 54.553 6.152 2.681 131.597
seq09_02/frame-000640 1.0 0.618 0.107 62.106 6.327 3.353 124.041
seq09_02/frame-000650 1.0 0.702 0.125 67.368 6.204 4.016 115.181
seq09_02/frame-000660 1.0 0.731 0.135 72.694 6.412 4.192 129.315
seq09_02/frame-000670 1.0 0.755 0.123 74.965 6.041 4.258 163.041
seq09_02/frame-000680 1.0 0.779 0.132 78.661 7.035 4.477 159.457
seq09_02/frame-000690 1.0 0.759 0.136 75.475 5.494 4.134 146.892
seq09_02/frame-000700 1.0 0.735 0.148 82.656 5.856 4.303 159.258
seq09_02/frame-000710 1.0 0.709 0.145 94.714 5.573 4.569 169.684
seq09_02/frame-000720 1.0 0.682 0.131 92.911 6.145 5.0 186.959
seq09_02/frame-000730 1.0 0.654 0.109 74.237 5.576 5.452 201.276
seq09_02/frame-000740 1.0 0.618 0.104 78.318 6.882 5.823 206.347
seq09_02/frame-000750 1.0 0.662 0.121 93.577 7.484 5.594 225.217
seq09_02/frame-000760 1.0 0.533 0.111 67.896 6.144 4.433 274.179
seq09_02/frame-000770 1.0 0.575 0.153 68.049 6.183 5.49 212.148
seq09_02/frame-000780 1.0 0.53 0.165 72.14 7.281 4.239 233.22
seq09_02/frame-000790 1.0 0.287 0.246 67.858 14.026 3.667 272.728
seq09_02/frame-000800 1.0 0.355 0.311 48.217 10.834 3.448 280.592
seq09_02/frame-000810 1.0 0.616 0.351 67.416 7.783 3.417 179.583
seq09_02/frame-000820 1.0 0.655 0.318 91.683 8.078 3.498 205.113
seq09_02/frame-000830 1.0 0.67 0.369 125.044 8.65 3.259 256.17
seq09_02/frame-000840 1.0 0.688 0.343 146.38 11.475 1.999 154.587
seq09_02/frame-000850 0.882 0.591 0.244 156.555 21.878 1.839 91.0674
seq09_02/frame-000860 0.653 0.489 0.222 173.904 26.659 2.088 105.605
seq09_02/frame-000870 0.574 0.416 0.233 194.053 80.951 2.638 173.032
seq09_02/frame-000880 0.546 0.425 0.245 194.812 129.357 3.047 220.783
seq09_02/frame-000890 0.532 0.451 0.268 202.192 108.306 3.391 276.883
seq09_02/frame-000900 0.486 0.52 0.314 218.441 81.516 3.567 224.848
seq09_02/frame-000910 0.567 0.55 0.341 201.786 64.648 3.565 158.422
seq09_02/frame-000920 0.643 0.695 0.289 186.856 51.332 3.189 122.37
seq09_02/frame-000930 0.695 0.71 0.274 175.284 18.529 2.882 135.361
seq09_02/frame-000940 1.0 0.618 0.3 166.468 10.589 2.573 159.554
seq09_02/frame-000950 1.0 0.559 0.317 146.838 7.466 2.371 227.457
seq09_02/frame-000960 1.0 0.601 0.283 97.483 6.767 2.393 316.221
seq09_02/frame-000970 1.0 0.676 0.281 101.576 5.32 2.415 226.808
seq09_02/frame-000980 1.0 0.673 0.298 109.75 5.821 2.557 93.9734
seq09_02/frame-000990 1.0 0.676 0.282 126.19 6.842 3.413 158.666
seq09_02/frame-001000 1.0 0.405 0.301 181.907 13.523 4.844 151.998
seq09_02/frame-001010 1.0 0.199 0.351 252.094 29.241 6.677 177.159
seq09_02/frame-001020 1.0 0.092 0.367 316.79 73.133 8.093 240.444
seq09_02/frame-001030 1.0 0.092 0.362 350.528 93.861 8.675 240.189
seq09_02/frame-001040 1.0 0.079 0.322 338.057 102.829 11.193 199.314
seq09_02/frame-001050 1.0 0.052 0.272 311.082 105.638 10.585 188.508
seq09_02/frame-001060 1.0 0.205 0.264 236.359 114.191 10.756 187.157
seq09_02/frame-001070 1.0 0.292 0.214 180.783 78.072 9.242 179.806
seq09_02/frame-001080 1.0 0.337 0.175 136.455 51.254 7.486 125.163
seq09_02/frame-001090 1.0 0.397 0.166 121.962 19.551 5.717 120.347
seq09_02/frame-001100 1.0 0.664 0.173 107.799 10.977 3.705 143.12
seq09_02/frame-001110 1.0 0.76 0.139 84.959 6.46 2.765 110.981
seq09_02/frame-001120 1.0 0.825 0.119 57.811 5.184 2.129 74.6889
seq09_02/frame-001130 1.0 0.801 0.094 41.879 5.022 2.209 158.263
seq09_02/frame-001140 1.0 0.779 0.081 45.482 5.006 2.849 266.804
seq09_02/frame-001150 1.0 0.718 0.106 66.084 5.357 3.183 222.597
seq09_02/frame-001160 1.0 0.675 0.121 77.072 4.836 3.119 202.961
seq09_02/frame-001170 1.0 0.65 0.148 94.326 4.428 3.368 167.169
seq09_02/frame-001180 1.0 0.69 0.169 122.269 4.8 3.49 181.53
seq09_02/frame-001190 1.0 0.689 0.17 124.097 5.647 3.531 179.262
seq09_02/frame-001200 1.0 0.69 0.161 115.093 5.905 3.617 181.715
seq09_02/frame-001210 1.0 0.694 0.154 109.541 5.597 3.738 178.406
seq09_02/frame-001220 1.0 0.713 0.153 108.743 4.946 3.953 156.995
seq09_02/frame-001230 1.0 0.738 0.148 114.24 4.582 4.255 125.011
seq09_02/frame-001240 1.0 0.707 0.157 131.52 4.429 4.634 92.7432
seq09_02/frame-001250 1.0 0.7 0.158 145.177 4.576 4.336 60.7166
seq09_02/frame-001260 1.0 0.715 0.17 142.016 4.107 4.244 95.3399
seq09_02/frame-001270 1.0 0.665 0.2 141.057 4.544 4.871 187.236
seq09_02/frame-001280 1.0 0.634 0.203 128.855 5.101 3.831 245.37
seq09_02/frame-001290 1.0 0.371 0.292 87.588 6.472 3.382 213.063
seq09_02/frame-001300 1.0 0.375 0.304 103.932 5.141 3.06 279.087
seq09_02/frame-001310 1.0 0.635 0.187 136.798 4.468 3.525 196.121
seq09_02/frame-001320 1.0 0.647 0.168 135.773 4.718 3.641 180.985
seq09_02/frame-001330 1.0 0.634 0.16 139.502 4.466 3.3 209.418
seq09_02/frame-001340 1.0 0.653 0.161 142.511 5.37 3.294 184.151
seq09_02/frame-001350 1.0 0.653 0.161 145.477 5.151 3.338 185.287
seq09_02/frame-001360 1.0 0.469 0.189 159.682 3.953 2.358 344.163
seq09_02/frame-001370 1.0 0.312 0.224 113.705 4.782 2.003 500.502
seq09_02/frame-001380 1.0 0.38 0.292 125.431 5.023 1.881 543.645
seq09_02/frame-001390 1.0 0.441 0.34 156.273 4.415 1.426 510.73
seq09_02/frame-001400 1.0 0.347 0.328 173.428 4.3 1.259 504.807
seq09_02/frame-001410 1.0 0.316 0.294 214.559 5.477 1.176 463.451
seq09_02/frame-001420 1.0 0.071 0.273 239.62 7.6 1.298 391.898
seq09_02/frame-001430 1.0 -0.001 0.244 225.207 9.378 1.42 375.568
seq09_02/frame-001440 1.0 0.019 0.252 226.643 12.216 1.465 388.359
seq09_02/frame-001450 1.0 0.024 0.301 242.891 15.017 1.57 356.435
seq09_02/frame-001460 1.0 0.112 0.273 226.138 12.138 1.569 329.648
seq09_02/frame-001470 1.0 0.061 0.267 203.994 7.671 1.552 327.776
seq09_02/frame-001480 1.0 0.055 0.288 172.645 5.454 1.465 279.814
seq09_02/frame-001490 1.0 0.112 0.287 140.858 4.899 1.477 161.104
seq09_02/frame-001500 1.0 0.268 0.319 149.538 4.919 1.459 103.455
seq09_02/frame-001510 1.0 0.356 0.299 158.0 5.368 1.533 151.243
seq09_02/frame-001520 1.0 0.214 0.363 216.919 6.625 1.881 212.061
seq09_02/frame-001530 1.0 0.175 0.391 282.058 6.822 2.186 232.35
seq09_02/frame-001540 1.0 0.157 0.423 318.974 6.931 3.038 236.573
seq09_02/frame-001550 1.0 0.07 0.389 373.906 17.66 9.142 251.906
seq09_02/frame-001560 1.0 0.117 0.363 483.354 79.695 13.715 171.936
seq09_02/frame-001570 1.0 0.178 0.309 421.171 850.224 13.635 221.702
seq09_02/frame-001580 1.0 0.153 0.338 446.884 543.544 13.46 202.751
seq09_02/frame-001590 1.0 0.09 0.362 355.709 70.952 12.077 218.389
seq09_02/frame-001600 1.0 0.175 0.34 269.639 173.453 8.496 230.81
seq09_02/frame-001610 1.0 0.233 0.273 226.705 51.068 8.571 238.221
seq09_02/frame-001620 1.0 0.203 0.253 189.868 47.998 7.289 252.087
seq09_02/frame-001630 1.0 -0.002 0.391 372.777 73.736 9.002 194.03
seq09_02/frame-001640 1.0 -0.002 0.331 353.29 69.0 11.363 171.86
seq09_02/frame-001650 1.0 0.027 0.318 359.473 381.1 11.904 154.69
seq09_02/frame-001660 1.0 0.108 0.265 288.421 34.35 9.883 183.508
seq09_02/frame-001670 1.0 0.367 0.189 134.146 55.051 7.143 184.79
seq09_02/frame-001680 1.0 0.315 0.19 138.83 12.728 6.126 81.2177
seq09_02/frame-001690 1.0 0.225 0.409 234.578 7.305 2.1 269.175
seq09_02/frame-001700 1.0 0.176 0.384 203.108 7.825 1.319 309.71
seq09_02/frame-001710 1.0 0.128 0.381 193.901 6.271 1.18 291.937
seq09_02/frame-001720 1.0 0.083 0.38 241.942 5.971 1.678 274.118
seq09_02/frame-001730 1.0 0.178 0.3 197.249 6.8 1.635 201.725
seq09_02/frame-001740 1.0 0.232 0.269 170.484 7.284 1.76 160.604
seq09_02/frame-001750 1.0 0.329 0.291 161.634 10.467 6.657 199.378
seq09_02/frame-001760 1.0 0.558 0.134 89.475 10.655 7.686 232.778
seq09_02/frame-001770 1.0 0.582 0.123 86.769 30.994 8.019 216.673
seq09_02/frame-001780 1.0 0.576 0.126 87.036 46.934 7.757 220.723
seq09_02/frame-001790 1.0 0.539 0.143 95.824 11.538 6.691 223.618
seq09_02/frame-001800 1.0 0.317 0.286 222.13 34.111 10.295 115.515
seq09_02/frame-001810 1.0 0.319 0.358 343.885 97.677 11.653 76.1396
seq09_02/frame-001820 1.0 0.319 0.367 365.852 285.379 12.263 72.252
seq09_02/frame-001830 1.0 0.309 0.33 282.144 26.933 10.952 60.0291
seq09_02/frame-001840 1.0 0.517 0.174 103.319 11.497 5.979 201.55
seq09_02/frame-001850 1.0 0.718 0.162 89.004 12.587 6.749 146.524
seq09_02/frame-001860 1.0 0.691 0.189 122.611 22.987 6.711 154.511
seq09_02/frame-001870 1.0 0.669 0.2 129.976 8.196 6.517 131.209
seq09_02/frame-001880 1.0 0.533 0.3 219.989 6.813 4.992 117.156
seq09_02/frame-001890 1.0 0.33 0.332 294.731 5.702 3.421 155.644
seq09_02/frame-001900 1.0 0.025 0.35 365.445 5.067 2.941 225.694
seq09_02/frame-001910 1.0 -0.185 0.306 371.338 4.98 2.728 302.928
seq09_02/frame-001920 1.0 -0.323 0.259 316.161 5.149 2.071 373.79
seq09_02/frame-001930 1.0 -0.022 0.299 349.954 3.916 4.952 321.028
seq09_02/frame-001940 1.0 0.327 0.266 255.926 4.463 6.741 280.07
seq09_02/frame-001950 1.0 0.487 0.224 207.706 4.956 7.281 230.822
seq09_02/frame-001960 1.0 0.629 0.167 148.171 4.657 7.211 195.921
seq09_02/frame-001970 1.0 0.676 0.177 138.591 4.962 6.951 182.001
seq09_02/frame-001980 1.0 0.583 0.235 158.218 5.276 7.478 216.597
seq09_02/frame-001990 1.0 0.548 0.335 138.287 6.608 3.716 160.102
seq09_02/frame-002000 1.0 0.695 0.306 160.462 25.167 2.878 250.109
seq09_02/frame-002010 1.0 0.698 0.312 163.522 10.747 2.94 251.775
seq09_02/frame-002020 0.687 0.516 0.219 181.632 21.968 1.271 99.1382
seq09_02/frame-002030 0.485 0.306 0.216 188.758 35.167 1.208 304.757
seq09_02/frame-002040 0.439 0.281 0.24 185.014 126.059 1.172 501.702
seq09_02/frame-002050 0.435 0.275 0.242 186.463 201.349 1.114 527.613
seq09_02/frame-002060 0.383 0.531 0.341 227.472 45.435 1.236 545.067
seq09_02/frame-002070 0.394 0.694 0.382 214.787 77.117 1.273 462.913
seq09_02/frame-002080 0.412 0.706 0.402 182.504 61.74 1.239 482.344
seq09_02/frame-002090 0.719 0.477 0.471 196.624 22.725 1.071 301.427
seq09_02/frame-002100 0.769 0.279 0.477 214.106 37.735 1.007 240.218
seq09_02/frame-002110 0.843 0.183 0.401 188.747 12.513 0.965 304.986
seq09_02/frame-002120 0.818 0.325 0.358 163.252 10.959 0.864 481.057
seq09_02/frame-002130 0.817 0.389 0.308 144.85 10.08 0.807 510.481
seq09_02/frame-002140 0.95 0.351 0.292 143.18 9.319 0.793 497.397
seq09_02/frame-002150 0.955 0.389 0.277 138.933 7.833 0.788 486.734
seq09_02/frame-002160 1.0 0.375 0.247 129.032 6.03 0.709 434.668
seq09_02/frame-002170 1.0 0.436 0.25 111.496 5.395 0.647 449.071
seq09_02/frame-002180 1.0 0.646 0.224 79.766 5.747 0.544 550.999
seq09_02/frame-002190 1.0 0.654 0.199 75.55 6.662 0.516 424.658
seq09_02/frame-002200 1.0 0.63 0.186 71.858 7.591 0.52 280.196
seq09_02/frame-002210 1.0 0.79 0.28 77.835 5.588 0.652 423.084
seq09_02/frame-002220 1.0 0.635 0.364 66.685 4.64 0.701 297.063
seq09_02/frame-002230 1.0 0.777 0.221 75.626 5.462 1.5 184.705
seq09_02/frame-002240 1.0 0.727 0.17 97.823 7.124 2.639 144.558
seq09_02/frame-002250 1.0 0.319 0.185 138.36 26.088 5.777 91.8307
seq09_02/frame-002260 1.0 0.066 0.256 188.388 66.223 5.793 246.274
seq09_02/frame-002270 1.0 0.023 0.246 227.726 24.028 6.912 224.935
seq09_02/frame-002280 1.0 0.037 0.477 500.194 124.54 11.408 144.919
seq09_02/frame-002290 1.0 0.28 0.396 349.36 63.178 10.065 99.3493
seq09_02/frame-002300 1.0 0.334 0.23 191.781 61.118 8.629 103.034
seq09_02/frame-002310 1.0 0.321 0.208 166.564 58.982 8.454 88.7087
seq09_02/frame-002320 1.0 0.347 0.16 103.329 25.352 5.682 182.055
seq09_02/frame-002330 1.0 0.341 0.178 119.181 29.967 4.812 200.103
seq09_02/frame-002340 1.0 0.457 0.193 144.776 33.622 3.699 140.954
seq09_02/frame-002350 1.0 0.384 0.181 201.416 20.51 5.929 132.541
seq09_02/frame-002360 1.0 0.374 0.226 302.085 42.539 7.298 123.568
seq09_02/frame-002370 1.0 0.39 0.365 438.568 49.163 4.65 134.629
seq09_02/frame-002380 1.0 0.41 0.447 551.183 15.164 2.997 147.165
seq09_02/frame-002390 1.0 0.311 0.474 603.511 29.161 3.451 151.458
seq09_02/frame-002400 1.0 0.294 0.479 546.806 18.151 2.779 155.258
seq09_02/frame-002410 1.0 0.263 0.493 560.563 21.488 2.149 157.003
seq09_02/frame-002420 1.0 0.152 0.49 509.524 8.307 1.869 167.989
seq09_02/frame-002430 1.0 0.124 0.463 458.185 3.566 0.801 169.975
seq09_02/frame-002440 1.0 0.134 0.46 459.477 4.531 0.56 169.831
seq09_02/frame-002450 1.0 0.111 0.461 453.949 3.149 0.177 176.812
seq09_02/frame-002460 1.0 0.114 0.462 456.291 3.35 0.126 175.258
seq09_02/frame-002470 1.0 0.159 0.449 445.821 6.533 0.602 169.223
seq09_02/frame-002480 1.0 0.159 0.428 415.193 4.933 0.596 181.618
seq09_02/frame-002490 1.0 0.219 0.41 404.253 8.591 0.924 184.987
seq09_02/frame-002500 1.0 0.291 0.365 333.203 2.444 0.476 190.963
seq09_02/frame-002510 1.0 0.417 0.33 250.94 2.611 0.443 185.75
seq09_02/frame-002520 1.0 0.479 0.33 208.052 2.838 0.206 185.634
seq09_02/frame-002530 1.0 0.512 0.33 180.991 2.841 0.164 190.722
seq09_02/frame-002540 1.0 0.558 0.335 147.138 3.098 0.166 195.057
seq09_02/frame-002550 1.0 0.595 0.337 121.479 4.798 0.176 200.247
seq09_02/frame-002560 1.0 0.613 0.324 106.997 5.444 0.473 226.111
seq09_02/frame-002570 1.0 0.669 0.301 77.695 3.805 0.18 254.058
seq09_02/frame-002580 1.0 0.719 0.283 51.842 4.032 0.188 267.335
seq09_02/frame-002590 1.0 0.739 0.216 33.129 4.624 0.231 302.534
seq09_02/frame-002600 1.0 0.659 0.291 72.252 3.588 0.168 251.59
seq09_02/frame-002610 1.0 0.36 0.32 252.928 1.638 0.135 231.699
seq09_02/frame-002620 1.0 0.05 0.457 423.679 1.447 0.348 262.767
seq09_02/frame-002630 1.0 0.212 0.523 534.442 3.352 0.872 280.02
seq09_02/frame-002640 1.0 0.333 0.368 260.753 0.932 0.09 249.619
seq09_02/frame-002650 1.0 0.37 0.358 242.706 1.36 0.173 262.362
seq09_02/frame-002660 1.0 0.349 0.375 425.266 15.61 1.519 228.485
seq09_02/frame-002670 1.0 0.377 0.354 328.013 7.247 2.467 216.155
seq09_02/frame-002680 1.0 0.299 0.368 499.738 27.926 3.157 154.661
seq09_02/frame-002690 1.0 0.186 0.408 609.141 84.778 3.516 137.793
seq09_02/frame-002700 1.0 0.106 0.493 787.212 27.703 1.819 143.2
seq09_02/frame-002710 1.0 0.019 0.534 832.44 15.532 1.537 154.68
seq09_02/frame-002720 1.0 0.09 0.531 751.767 27.874 1.624 163.539
seq09_02/frame-002730 1.0 0.255 0.474 577.578 24.371 2.154 192.283
seq09_02/frame-002740 1.0 0.384 0.389 451.139 42.288 1.881 214.453
seq09_02/frame-002750 1.0 0.373 0.352 438.515 26.219 1.066 208.62
seq09_02/frame-002760 1.0 0.487 0.353 375.892 5.472 1.256 281.373
seq09_02/frame-002770 1.0 0.644 0.007 30.317 8.695 0.347 525.827
seq09_02/frame-002780 1.0 0.555 0.105 48.056 4.874 0.185 487.183
seq09_02/frame-002790 1.0 0.39 0.106 56.706 4.761 0.138 438.197
seq09_02/frame-002800 1.0 0.192 0.205 120.043 5.385 0.317 272.237
seq09_02/frame-002810 1.0 0.347 0.237 161.705 5.58 0.537 177.342
seq09_02/frame-002820 1.0 0.328 0.25 168.677 6.049 0.522 167.42
seq09_02/frame-002830 1.0 0.211 0.211 114.951 5.527 0.259 312.76
seq09_02/frame-002840 1.0 0.302 0.202 118.22 6.13 0.267 356.454
seq09_02/frame-002850 1.0 0.272 0.199 103.487 5.916 0.249 405.195
seq09_02/frame-002860 1.0 0.103 0.229 116.934 6.582 0.203 470.436
seq09_02/frame-002870 1.0 0.121 0.252 121.868 6.337 0.185 458.734
seq09_02/frame-002880 1.0 0.159 0.195 114.956 6.477 0.173 482.337
seq09_02/frame-002890 1.0 0.18 0.172 109.416 6.484 0.171 517.988
seq09_02/frame-002900 1.0 0.24 0.253 159.087 6.326 0.26 235.065
seq09_02/frame-002910 1.0 0.327 0.331 175.322 6.171 0.833 140.959
seq09_02/frame-002920 1.0 0.452 0.332 232.842 6.046 0.895 259.092
seq09_02/frame-002930 1.0 0.489 0.336 253.287 5.039 1.356 266.583
seq09_02/frame-002940 1.0 0.486 0.318 268.495 4.953 1.582 261.242
seq09_02/frame-002950 1.0 0.427 0.382 346.54 4.629 2.05 258.224
seq09_02/frame-002960 1.0 0.376 0.419 475.398 5.867 3.06 343.197
seq09_02/frame-002970 1.0 0.301 0.295 326.397 13.851 3.925 197.569
seq09_02/frame-002980 1.0 0.174 0.298 367.462 26.117 4.987 154.408
seq09_02/frame-002990 1.0 0.091 0.224 195.585 24.267 5.118 141.027
seq09_02/frame-003000 1.0 0.085 0.296 153.777 15.267 4.197 195.75
seq09_02/frame-003010 1.0 0.24 0.239 161.761 45.071 4.129 136.006
seq09_02/frame-003020 1.0 0.69 0.197 118.111 8.93 0.93 345.35
seq09_02/frame-003030 1.0 0.8 0.122 66.523 6.644 0.37 486.204
seq09_02/frame-003040 1.0 0.744 0.065 57.874 6.801 0.195 409.8
seq09_02/frame-003050 1.0 0.697 0.056 54.464 6.902 0.139 347.149
seq09_02/frame-003060 1.0 0.718 0.075 51.561 6.132 0.104 318.539
seq09_02/frame-003070 1.0 0.734 0.18 47.481 4.939 0.085 314.889
seq09_02/frame-003080 1.0 0.699 0.214 49.84 4.527 0.092 305.885
seq09_02/frame-003090 1.0 0.663 0.271 52.983 4.555 0.108 307.898
seq09_02/frame-003100 1.0 0.545 0.357 55.171 4.038 0.103 309.814
seq09_02/frame-003110 1.0 0.48 0.381 57.479 4.829 0.104 308.956
seq09_02/frame-003120 1.0 0.452 0.388 56.828 4.381 0.102 307.797
seq09_02/frame-003130 1.0 0.572 0.295 57.702 2.335 0.107 312.887
seq09_02/frame-003140 1.0 0.639 0.29 58.904 1.378 0.11 300.908
seq09_02/frame-003150 1.0 0.627 0.295 52.907 1.292 0.111 276.938
seq09_02/frame-003160 1.0 0.675 0.318 51.316 1.146 0.286 246.699
seq09_02/frame-003170 1.0 0.748 0.37 57.817 2.247 0.349 226.076
seq09_02/frame-003180 1.0 0.601 0.446 89.977 3.888 0.297 242.554
seq09_02/frame-003190 1.0 0.371 0.408 107.338 4.767 0.298 274.186
seq09_02/frame-003200 1.0 0.384 0.335 111.636 5.991 0.259 316.125
seq09_02/frame-003210 1.0 0.337 0.276 125.014 6.659 0.232 314.131
seq09_02/frame-003220 1.0 0.318 0.263 126.328 7.033 0.2 314.131
seq09_02/frame-003230 1.0 0.373 0.258 115.787 5.296 0.214 322.133
seq09_02/frame-003240 1.0 0.332 0.306 100.523 4.33 0.465 312.112
seq09_02/frame-003250 1.0 0.533 0.381 51.644 2.314 0.381 351.394
seq09_02/frame-003260 1.0 0.474 0.34 56.965 3.066 0.218 385.527
seq09_02/frame-003270 1.0 0.43 0.293 61.966 5.228 0.238 431.705
seq09_02/frame-003280 1.0 0.416 0.3 73.897 6.407 0.231 458.297
seq09_02/frame-003290 1.0 0.343 0.322 81.878 8.049 0.219 465.79
seq09_02/frame-003300 1.0 0.316 0.292 130.815 8.545 0.381 405.093
seq09_02/frame-003310 1.0 0.228 0.296 135.136 13.875 0.493 346.135
seq09_02/frame-003320 1.0 0.206 0.308 137.235 21.529 0.524 329.411
seq09_02/frame-003330 1.0 0.209 0.309 136.938 23.16 0.511 334.226
seq09_02/frame-003340 1.0 0.211 0.31 137.433 22.642 0.534 328.472
seq09_02/frame-003350 1.0 0.217 0.312 137.745 23.789 0.534 325.082
seq09_02/frame-003360 1.0 0.231 0.308 137.443 23.237 0.549 323.277
seq09_02/frame-003370 0.995 0.319 0.319 145.853 13.501 0.729 251.79
seq09_02/frame-003380 0.511 0.452 0.221 123.325 11.232 1.14 299.701
seq09_02/frame-003390 0.469 0.417 0.212 120.128 27.348 1.416 264.196
seq09_02/frame-003400 0.463 0.375 0.225 121.879 15.411 1.624 250.418
seq09_02/frame-003410 0.914 0.102 0.223 122.509 11.475 1.495 175.637
seq09_02/frame-003420 1.0 -0.392 0.172 94.436 9.737 1.01 284.753
seq09_02/frame-003430 1.0 -0.245 0.155 89.998 7.267 0.343 323.949
seq09_02/frame-003440 1.0 -0.22 0.158 96.806 7.623 0.312 335.552
seq09_02/frame-003450 1.0 -0.205 0.159 100.163 7.655 0.31 336.773
seq09_02/frame-003460 1.0 -0.226 0.157 98.042 7.766 0.324 336.974
seq09_02/frame-003470 1.0 -0.253 0.154 93.746 7.58 0.337 339.921
seq09_02/frame-003480 1.0 -0.263 0.153 92.745 7.785 0.348 338.273
seq09_02/frame-003490 1.0 -0.256 0.154 94.016 7.907 0.345 336.578
seq09_02/frame-003500 1.0 -0.255 0.155 94.915 7.85 0.352 332.163
seq09_02/frame-003510 1.0 -0.256 0.155 94.851 7.921 0.354 331.764
seq09_02/frame-003520 1.0 -0.255 0.155 94.647 7.846 0.352 332.463
seq09_02/frame-003530 1.0 -0.255 0.155 94.873 7.838 0.354 331.331
seq09_02/frame-003540 1.0 -0.259 0.154 94.098 7.859 0.36 330.92
seq09_02/frame-003550 1.0 -0.272 0.15 92.159 7.974 0.367 331.473
seq09_02/frame-003560 1.0 -0.267 0.151 92.976 7.979 0.369 328.962
seq09_02/frame-003570 1.0 -0.271 0.15 92.462 8.016 0.376 327.639
seq09_02/frame-003580 1.0 -0.26 0.152 94.044 8.111 0.376 323.628
seq09_02/frame-003590 1.0 -0.26 0.152 93.562 8.099 0.376 323.119
seq09_02/frame-003600 1.0 -0.262 0.15 93.498 8.003 0.382 321.89
seq09_02/frame-003610 1.0 -0.253 0.153 94.893 8.11 0.381 319.58
seq09_02/frame-003620 1.0 -0.248 0.154 95.619 8.071 0.384 316.767
seq09_02/frame-003630 1.0 -0.247 0.154 95.925 7.827 0.384 316.553
seq09_02/frame-003640 1.0 -0.247 0.153 96.147 8.057 0.393 312.395
seq09_02/frame-003650 1.0 -0.326 0.156 104.237 8.136 0.599 283.985
seq09_02/frame-003660 1.0 -0.392 0.16 110.312 9.705 1.053 258.818
seq09_02/frame-003670 1.0 -0.214 0.2 135.434 15.349 1.675 197.767
seq09_02/frame-003680 1.0 -0.045 0.227 142.672 37.779 1.832 180.27
seq09_02/frame-003690 1.0 -0.026 0.226 138.896 76.054 1.855 182.741
seq09_02/frame-003700 1.0 -0.032 0.223 135.268 72.3 1.855 186.355
seq09_02/frame-003710 1.0 -0.066 0.218 128.937 44.491 1.816 192.867
seq09_02/frame-003720 1.0 -0.083 0.215 128.793 68.854 1.813 193.649
seq09_02/frame-003730 1.0 -0.084 0.214 126.497 67.384 1.849 196.091
seq09_02/frame-003740 1.0 -0.079 0.216 125.212 60.108 1.82 196.062
seq09_02/frame-003750 1.0 -0.074 0.215 119.534 66.316 1.834 200.744
seq09_02/frame-003760 1.0 -0.095 0.209 116.677 58.367 1.814 206.048
seq09_02/frame-003770 1.0 -0.101 0.208 116.177 66.724 1.808 207.588
seq09_02/frame-003780 1.0 -0.096 0.21 116.843 50.221 1.815 202.276
seq09_02/frame-003790 1.0 -0.251 0.186 112.946 11.233 1.613 206.511
seq09_02/frame-003800 1.0 -0.152 0.199 117.207 20.965 1.641 210.667
seq09_02/frame-003810 1.0 -0.174 0.223 134.83 15.91 1.676 228.163
seq09_02/frame-003820 1.0 -0.424 0.209 114.293 9.828 1.18 292.545
seq09_02/frame-003830 1.0 -0.28 0.212 103.877 9.184 0.994 360.278
seq09_02/frame-003840 1.0 -0.233 0.272 157.075 9.328 1.097 240.399
seq09_02/frame-003850 1.0 -0.141 0.306 180.635 11.832 1.278 222.918
seq09_02/frame-003860 1.0 -0.074 0.412 225.326 12.379 1.208 288.732
seq09_02/frame-003870 1.0 -0.069 0.481 265.291 19.155 1.084 223.135
seq09_02/frame-003880 1.0 -0.036 0.523 282.072 37.908 0.821 181.989
seq09_02/frame-003890 1.0 0.022 0.577 325.314 13.296 1.07 140.91
seq09_02/frame-003900 1.0 0.152 0.616 338.287 9.372 1.157 43.717
seq09_02/frame-003910 1.0 0.162 0.575 320.931 16.811 1.646 127.773
seq09_02/frame-003920 1.0 0.321 0.609 362.844 15.062 2.097 134.682
seq09_02/frame-003930 1.0 0.343 0.565 353.779 16.507 2.218 167.418
seq09_02/frame-003940 1.0 0.356 0.535 343.407 17.384 2.501 193.836
seq09_02/frame-003950 1.0 0.282 0.517 348.81 10.763 2.583 178.232
seq09_02/frame-003960 1.0 0.427 0.479 336.078 14.189 1.384 246.363
seq09_02/frame-003970 1.0 0.425 0.48 334.806 15.083 1.311 243.654
seq09_02/frame-003980 1.0 0.412 0.506 330.659 11.603 1.138 250.263
seq09_02/frame-003990 1.0 0.307 0.562 370.712 9.238 1.028 221.375
seq09_02/frame-004000 1.0 0.084 0.636 502.723 8.605 1.078 244.222
seq09_02/frame-004010 0.741 -0.01 0.73 644.99 9.466 1.456 324.491
seq09_02/frame-004020 0.697 -0.117 0.797 758.62 27.203 1.648 413.567
seq09_02/frame-004030 0.704 -0.327 0.853 820.75 11.354 1.128 417.689
seq09_02/frame-004040 0.726 -0.418 0.835 836.946 9.529 0.921 429.676
seq09_02/frame-004050 0.732 -0.329 0.815 816.497 11.959 1.041 426.979
seq09_02/frame-004060 0.768 -0.315 0.783 781.513 12.967 1.208 441.004
seq09_02/frame-004070 0.874 -0.36 0.695 708.041 9.388 1.18 469.847
seq09_02/frame-004080 0.933 -0.245 0.652 681.247 13.714 1.501 457.708
seq09_02/frame-004090 0.939 -0.227 0.626 660.308 19.18 1.497 462.973
seq09_02/frame-004100 0.959 -0.156 0.598 645.961 23.974 1.997 445.311
seq09_02/frame-004110 0.99 -0.188 0.596 638.966 16.48 2.262 429.255
seq09_02/frame-004120 0.981 -0.185 0.604 634.75 49.785 2.684 419.139
seq09_02/frame-004130 0.988 -0.205 0.617 646.012 33.731 2.317 420.125
seq09_02/frame-004140 1.0 -0.194 0.596 636.096 21.548 2.303 427.975
seq09_02/frame-004150 1.0 -0.173 0.572 621.052 26.16 2.14 441.543
seq09_02/frame-004160 1.0 -0.127 0.54 602.787 12.314 1.756 492.374
seq09_02/frame-004170 1.0 -0.118 0.53 587.137 14.537 1.597 518.041
seq09_02/frame-004180 1.0 -0.191 0.539 583.578 8.347 1.062 545.148
seq09_02/frame-004190 1.0 -0.186 0.492 453.335 7.147 0.797 532.444
seq09_02/frame-004200 1.0 -0.188 0.482 399.941 7.424 0.931 521.68
seq09_02/frame-004210 1.0 -0.199 0.491 450.866 6.912 0.695 533.024
seq09_02/frame-004220 1.0 -0.196 0.503 494.971 7.03 0.703 547.477
seq09_02/frame-004230 1.0 -0.19 0.558 545.764 8.142 0.979 529.917
seq09_02/frame-004240 0.87 -0.121 0.566 677.22 17.574 3.278 365.395
seq09_02/frame-004250 1.0 0.198 0.512 541.062 57.828 4.731 213.564
seq09_02/frame-004260 1.0 -0.159 0.337 413.825 20.477 5.385 230.969
seq09_02/frame-004270 1.0 -0.104 0.19 306.777 48.863 5.775 220.858
seq09_02/frame-004280 1.0 0.002 0.104 221.198 50.036 4.956 272.453
seq09_02/frame-004290 1.0 0.053 0.109 202.268 37.201 4.975 249.269
seq09_02/frame-004300 1.0 0.07 0.058 78.491 9.0 6.026 188.871
seq09_02/frame-004310 1.0 0.001 0.049 63.053 8.551 7.194 198.167
seq09_02/frame-004320 1.0 -0.001 0.047 64.398 8.904 7.375 196.898
seq09_02/frame-004330 1.0 -0.123 0.049 84.17 10.691 13.38 154.261
seq09_02/frame-004340 1.0 0.081 0.046 69.299 11.028 14.295 187.096
seq09_02/frame-004350 1.0 0.119 0.064 78.461 29.06 15.447 163.223
seq09_02/frame-004360 1.0 0.119 0.105 124.747 12.546 17.576 151.94
seq09_02/frame-004370 1.0 0.236 0.163 204.893 24.281 16.798 184.495
seq09_02/frame-004380 1.0 0.356 0.127 155.896 12.152 13.076 193.443
seq09_02/frame-004390 1.0 0.419 0.183 199.348 15.884 14.798 170.137
seq09_02/frame-004400 1.0 0.426 0.277 303.272 14.01 17.967 132.99
seq09_02/frame-004410 1.0 0.485 0.303 294.084 11.788 14.796 118.241
seq09_02/frame-004420 1.0 0.445 0.414 347.962 10.335 8.214 147.439
seq09_02/frame-004430 1.0 0.456 0.407 350.167 9.631 7.183 112.949
seq09_02/frame-004440 1.0 0.454 0.385 345.919 16.292 7.389 96.5216
seq09_02/frame-004450 1.0 0.446 0.397 357.483 34.595 7.106 111.274
seq09_02/frame-004460 1.0 0.443 0.414 356.396 8.406 7.967 152.287
seq09_02/frame-004470 1.0 0.428 0.463 361.61 8.449 4.865 141.907
seq09_02/frame-004480 1.0 0.419 0.425 351.465 9.997 5.562 118.862
seq09_02/frame-004490 1.0 0.269 0.229 233.047 15.189 14.706 248.369
seq09_02/frame-004500 1.0 0.334 0.236 220.113 24.472 19.136 233.688
seq09_02/frame-004510 1.0 0.382 0.22 239.252 19.919 24.814 215.005
seq09_02/frame-004520 1.0 0.405 0.349 189.99 13.685 6.125 456.908
seq09_02/frame-004530 1.0 0.395 0.353 211.755 17.361 8.513 394.166
seq09_02/frame-004540 1.0 0.389 0.36 204.038 10.481 6.265 409.946
seq09_02/frame-004550 1.0 0.391 0.357 205.61 12.733 7.982 401.516
seq09_02/frame-004560 1.0 0.402 0.347 210.658 22.961 8.75 389.011
seq09_02/frame-004570 1.0 0.236 0.254 229.978 12.049 19.036 269.113
seq09_02/frame-004580 1.0 0.333 0.209 253.021 14.753 27.554 176.607
seq09_02/frame-004590 1.0 0.311 0.199 249.754 32.615 22.968 183.725
seq09_02/frame-004600 1.0 0.411 0.231 263.481 15.115 21.761 201.342
seq09_02/frame-004610 1.0 0.461 0.3 297.889 24.942 12.35 128.938
seq09_02/frame-004620 1.0 0.512 0.385 287.669 10.498 6.182 128.447
seq09_02/frame-004630 1.0 0.598 0.368 235.517 7.836 6.731 87.9985
seq09_02/frame-004640 1.0 0.532 0.283 159.782 9.503 4.774 141.219
seq09_02/frame-004650 1.0 0.463 0.308 155.969 10.36 3.129 107.229
seq09_02/frame-004660 1.0 0.301 0.32 185.775 8.624 2.442 165.971
seq09_02/frame-004670 1.0 0.175 0.396 207.1 13.74 1.882 148.444
seq09_02/frame-004680 1.0 0.123 0.353 204.35 7.623 1.401 191.389
seq09_02/frame-004690 1.0 0.505 0.143 125.588 8.806 1.115 404.501
seq09_02/frame-004700 1.0 0.254 0.153 114.063 16.575 0.927 457.643
seq09_02/frame-004710 1.0 0.367 0.126 104.93 9.336 0.789 411.664
seq09_02/frame-004720 1.0 0.659 0.072 60.319 9.466 0.6 295.924
seq09_02/frame-004730 1.0 0.584 0.067 51.072 7.034 0.557 271.635
seq09_02/frame-004740 1.0 0.593 0.056 47.35 6.985 0.485 278.751
seq09_02/frame-004750 1.0 0.647 0.065 47.04 7.128 0.516 320.206
seq09_02/frame-004760 1.0 0.612 0.076 50.926 6.497 0.475 327.527
seq09_02/frame-004770 1.0 0.555 0.069 48.304 7.491 0.466 327.914
seq09_02/frame-004780 1.0 0.491 0.073 50.456 7.783 0.478 332.592
seq09_02/frame-004790 1.0 0.649 0.07 48.766 6.395 0.432 329.612
seq09_02/frame-004800 1.0 0.819 0.075 48.072 6.127 0.365 355.786
seq09_02/frame-004810 1.0 0.827 0.09 46.763 6.022 0.278 376.315
seq09_02/frame-004820 1.0 0.853 0.063 29.63 6.777 0.19 366.103
seq09_02/frame-004830 1.0 0.73 0.032 31.214 6.961 0.214 398.576
seq09_02/frame-004840 1.0 0.813 0.027 48.231 6.756 0.449 451.644
seq09_02/frame-004850 1.0 0.308 0.053 100.659 7.674 2.878 509.226
seq09_02/frame-004860 1.0 0.066 0.109 276.127 12.114 7.277 247.988
seq09_02/frame-004870 1.0 0.224 0.119 286.24 14.746 8.029 217.644
seq09_02/frame-004880 1.0 0.394 0.202 368.994 20.98 11.109 201.563
seq09_02/frame-004890 1.0 0.319 0.202 381.458 22.151 11.967 192.623
seq09_02/frame-004900 1.0 0.194 0.195 376.014 50.659 12.316 192.116
seq09_02/frame-004910 1.0 0.184 0.201 333.795 56.004 11.826 203.045
seq09_02/frame-004920 1.0 0.189 0.203 314.456 26.84 10.905 216.125
seq09_02/frame-004930 1.0 0.429 0.168 133.201 8.191 5.347 408.004
seq09_02/frame-004940 1.0 0.632 0.157 98.717 7.847 4.124 475.554
seq09_02/frame-004950 1.0 0.616 0.182 102.974 18.46 4.315 463.945
seq09_02/frame-004960 1.0 0.671 0.216 85.289 5.667 1.95 356.092
seq09_02/frame-004970 1.0 0.481 0.321 92.052 5.735 1.764 263.157
seq09_02/frame-004980 1.0 0.489 0.345 95.986 7.87 1.154 287.156
seq09_02/frame-004990 1.0 0.447 0.339 93.106 7.042 1.095 252.959
seq09_02/frame-005000 1.0 0.463 0.345 96.981 5.46 1.259 293.232
seq09_02/frame-005010 1.0 0.39 0.402 136.407 5.269 1.018 189.885
seq09_02/frame-005020 1.0 0.416 0.354 129.194 4.857 0.954 288.733
seq09_02/frame-005030 1.0 0.432 0.313 134.002 4.131 0.75 378.992
seq09_02/frame-005040 1.0 0.402 0.342 124.645 5.158 0.635 440.591
seq09_02/frame-005050 1.0 0.359 0.335 131.846 5.479 0.577 441.738
seq09_02/frame-005060 1.0 0.35 0.326 134.66 5.047 0.568 453.279
seq09_02/frame-005070 1.0 0.372 0.312 147.691 5.196 0.577 425.652
seq09_02/frame-005080 1.0 0.424 0.331 140.414 4.622 0.623 456.576
seq09_02/frame-005090 1.0 0.468 0.331 123.761 4.786 0.647 510.665
seq09_02/frame-005100 1.0 0.489 0.31 110.381 5.687 0.687 500.356
seq09_02/frame-005110 1.0 0.496 0.308 105.769 6.256 0.761 457.772
seq09_02/frame-005120 1.0 0.464 0.314 108.273 8.044 0.727 423.906
seq09_02/frame-005130 1.0 0.449 0.323 108.146 8.773 0.829 375.852
seq09_02/frame-005140 1.0 0.486 0.338 141.586 8.177 2.14 341.963
seq09_02/frame-005150 1.0 0.468 0.35 154.044 12.61 2.393 347.213
seq09_02/frame-005160 1.0 0.435 0.352 163.102 14.772 2.556 356.039
seq09_02/frame-005170 1.0 0.43 0.35 164.128 18.634 2.516 352.489
seq09_02/frame-005180 1.0 0.425 0.351 164.084 19.05 2.556 348.799
seq09_02/frame-005190 1.0 0.419 0.352 165.49 22.71 2.63 345.81
seq09_02/frame-005200 1.0 0.411 0.356 167.516 23.31 2.732 344.147
seq09_02/frame-005210 1.0 0.407 0.358 168.631 23.725 2.775 344.333
seq09_02/frame-005220 1.0 0.402 0.361 170.663 25.291 2.777 343.732
seq09_02/frame-005230 1.0 0.401 0.364 171.804 19.384 2.823 344.812
seq09_02/frame-005240 1.0 0.409 0.363 172.801 24.276 2.896 350.211
seq09_02/frame-005250 1.0 0.454 0.358 163.96 11.742 2.595 374.858
seq09_02/frame-005260 1.0 0.488 0.353 155.159 9.76 2.062 379.697
seq09_02/frame-005270 1.0 0.507 0.336 145.61 10.191 1.883 383.85
seq09_02/frame-005280 1.0 0.514 0.326 140.52 10.361 1.738 384.857
seq09_02/frame-005290 1.0 0.506 0.322 139.201 10.563 1.732 378.688
seq09_02/frame-005300 1.0 0.503 0.318 138.86 9.824 1.67 370.497
seq09_02/frame-005310 1.0 0.497 0.317 138.786 10.899 1.693 363.182
seq09_02/frame-005320 1.0 0.496 0.317 138.46 10.76 1.695 362.989
seq09_02/frame-005330 1.0 0.499 0.317 138.632 10.735 1.704 361.045
seq09_02/frame-005340 1.0 0.499 0.317 138.669 10.85 1.757 361.828
seq09_02/frame-005350 1.0 0.526 0.33 117.406 6.754 1.199 458.677
seq09_02/frame-005360 1.0 0.402 0.503 148.29 5.303 0.293 369.106
seq09_02/frame-005370 1.0 0.586 0.391 208.823 4.615 0.29 359.238
seq09_02/frame-005380 1.0 0.497 0.467 143.697 5.883 0.318 359.1
seq09_02/frame-005390 1.0 0.455 0.482 116.551 6.447 0.26 537.913
seq09_02/frame-005400 1.0 0.221 0.398 230.189 3.025 0.233 398.617
seq09_02/frame-005410 1.0 0.093 0.277 234.854 4.309 0.267 343.097
seq09_02/frame-005420 1.0 -0.148 0.39 253.952 7.089 0.503 309.946
seq09_02/frame-005430 1.0 -0.086 0.525 258.859 10.026 0.563 276.217
seq09_02/frame-005440 1.0 -0.059 0.639 296.653 7.137 0.58 301.488
seq09_02/frame-005450 0.966 0.0 0.669 309.92 9.781 0.539 297.662
seq09_02/frame-005460 0.907 -0.002 0.656 313.082 11.911 0.539 264.331
seq09_02/frame-005470 0.915 -0.032 0.637 308.78 12.638 0.567 229.908
seq09_02/frame-005480 0.941 -0.034 0.643 311.004 7.724 0.567 242.842
seq09_02/frame-005490 0.963 0.065 0.555 305.912 7.338 0.495 172.603
seq09_02/frame-005500 1.0 0.037 0.477 266.269 6.574 0.502 216.801
seq09_02/frame-005510 1.0 0.076 0.477 275.415 6.845 0.49 155.439
seq09_02/frame-005520 0.808 0.18 0.455 277.786 6.355 0.484 147.957
seq09_02/frame-005530 0.733 0.268 0.435 257.726 8.005 0.495 157.338
seq09_02/frame-005540 0.809 0.18 0.463 259.948 11.557 0.503 153.566
seq09_02/frame-005550 0.842 0.162 0.467 255.336 11.705 0.516 143.507
seq09_02/frame-005560 0.825 0.238 0.436 247.873 10.748 0.535 106.508
seq09_02/frame-005570 0.959 0.134 0.451 238.714 8.394 0.569 126.34
seq09_02/frame-005580 1.0 0.037 0.458 233.073 8.661 0.576 155.891
seq09_02/frame-005590 1.0 0.034 0.447 228.821 10.239 0.579 154.701
seq09_02/frame-005600 1.0 0.051 0.436 225.841 11.042 0.598 152.88
seq09_02/frame-005610 1.0 0.072 0.397 210.939 9.476 0.659 141.79
seq09_02/frame-005620 1.0 0.005 0.391 201.983 10.432 0.698 91.3738
seq09_02/frame-005630 1.0 0.044 0.371 193.522 7.499 0.748 95.8196
seq09_02/frame-005640 1.0 0.027 0.363 187.168 9.02 0.757 93.5447
seq09_02/frame-005650 1.0 0.011 0.367 186.865 9.085 0.773 76.8074
seq09_02/frame-005660 1.0 -0.002 0.373 187.929 8.897 0.772 68.9144
seq09_02/frame-005670 1.0 0.002 0.376 188.579 9.504 0.775 69.5596
seq09_02/frame-005680 1.0 0.009 0.375 188.116 10.485 0.781 72.7306
seq09_02/frame-005690 1.0 0.005 0.375 187.82 9.047 0.78 73.6292
seq09_02/frame-005700 1.0 0.003 0.378 188.679 8.717 0.778 72.8069
seq09_02/frame-005710 1.0 0.013 0.377 188.378 10.071 0.796 73.5978
seq09_02/frame-005720 1.0 0.1 0.394 200.61 6.774 0.854 125.692
seq09_02/frame-005730 1.0 0.097 0.367 194.961 9.09 0.91 138.059
seq09_02/frame-005740 1.0 0.099 0.373 197.56 8.675 0.981 154.949
seq09_02/frame-005750 1.0 0.144 0.374 200.744 7.638 1.182 183.068
seq09_02/frame-005760 1.0 0.137 0.386 211.087 16.519 1.347 196.705
seq09_02/frame-005770 1.0 0.1 0.421 227.804 11.07 1.374 180.149
seq09_02/frame-005780 1.0 0.094 0.425 231.034 18.402 1.391 181.229
seq09_02/frame-005790 1.0 0.094 0.423 230.623 20.547 1.386 179.782
seq09_02/frame-005800 1.0 0.11 0.412 224.363 19.784 1.398 184.571
seq09_02/frame-005810 1.0 0.117 0.408 222.107 15.509 1.396 188.788
seq09_02/frame-005820 1.0 0.144 0.39 214.711 12.188 1.376 201.497
seq09_02/frame-005830 1.0 -0.076 0.279 186.38 13.283 1.784 235.29
seq09_02/frame-005840 1.0 0.116 0.209 151.048 38.881 1.814 258.385
seq09_02/frame-005850 1.0 0.048 0.265 176.837 79.416 1.182 377.886
seq09_02/frame-005860 1.0 0.225 0.297 162.32 82.363 0.559 374.718
seq09_02/frame-005870 1.0 0.354 0.296 166.225 39.224 0.546 379.396
seq09_02/frame-005880 1.0 0.341 0.295 168.226 101.419 0.515 378.794
seq09_02/frame-005890 1.0 0.284 0.3 156.251 20.441 0.548 376.39
seq09_02/frame-005900 1.0 0.499 0.376 141.974 9.513 0.435 319.617
seq09_02/frame-005910 1.0 0.567 0.352 149.995 5.08 0.273 286.664
seq09_02/frame-005920 1.0 0.509 0.337 148.011 4.669 0.262 288.694
seq09_02/frame-005930 1.0 0.563 0.348 145.383 5.442 0.27 294.685
seq09_02/frame-005940 1.0 0.616 0.337 126.471 5.976 0.271 296.49
seq09_02/frame-005950 1.0 0.615 0.32 113.549 6.102 0.246 296.284
seq09_02/frame-005960 1.0 0.468 0.293 107.714 5.934 0.236 324.085
seq09_02/frame-005970 1.0 0.457 0.318 115.3 6.976 0.231 318.969
seq09_02/frame-005980 1.0 0.469 0.303 108.979 8.086 0.224 324.788
seq09_02/frame-005990 1.0 0.261 0.227 99.066 4.358 0.206 298.606
seq09_02/frame-006000 1.0 0.604 0.383 162.711 5.322 0.26 262.201
seq09_02/frame-006010 1.0 0.644 0.375 144.688 6.459 0.265 305.885
seq09_02/frame-006020 1.0 0.633 0.353 128.782 6.938 0.247 300.246
seq09_02/frame-006030 1.0 0.575 0.413 157.318 5.988 0.267 292.943
seq09_02/frame-006040 1.0 0.171 0.443 184.776 5.867 0.343 261.022
seq09_02/frame-006050 1.0 -0.006 0.383 187.943 13.61 1.259 249.303
seq09_02/frame-006060 1.0 -0.012 0.266 122.093 7.457 1.046 409.8
seq09_02/frame-006070 1.0 -0.001 0.286 180.648 17.157 1.829 301.609
seq09_02/frame-006080 0.997 0.168 0.28 188.512 9.536 1.366 351.3
seq09_02/frame-006090 1.0 0.499 0.165 135.056 7.794 1.186 352.205
seq09_02/frame-006100 1.0 0.53 0.155 121.39 9.725 1.246 372.904
seq09_02/frame-006110 1.0 0.571 0.148 109.497 8.522 1.254 302.97
seq09_02/frame-006120 1.0 0.578 0.103 76.196 16.465 1.196 184.886
seq09_02/frame-006130 1.0 0.626 0.091 71.985 8.781 1.186 240.141
seq09_02/frame-006140 1.0 0.559 0.082 67.856 16.095 1.162 263.852
seq09_02/frame-006150 1.0 0.591 0.096 74.25 7.955 1.186 205.587
seq09_02/frame-006160 1.0 0.567 0.122 88.321 16.039 1.215 153.679
seq09_02/frame-006170 1.0 0.413 0.137 97.958 13.765 1.158 144.347
seq09_02/frame-006180 1.0 0.352 0.148 100.262 19.536 1.13 122.884
seq09_02/frame-006190 1.0 0.371 0.141 98.403 13.856 1.112 122.631
seq09_02/frame-006200 1.0 0.618 0.104 80.65 12.336 0.928 204.736
seq09_02/frame-006210 1.0 0.659 0.075 80.532 12.33 0.623 369.412
seq09_02/frame-006220 1.0 0.716 0.044 75.861 11.822 0.404 373.199
seq09_02/frame-006230 1.0 0.644 0.03 68.355 12.894 0.134 388.748
seq09_02/frame-006240 1.0 0.536 0.031 69.087 11.747 0.122 377.311
seq09_02/frame-006250 1.0 0.481 0.011 74.516 8.925 0.138 386.014
seq09_02/frame-006260 1.0 0.557 0.038 91.761 9.513 0.161 312.804
seq09_02/frame-006270 1.0 0.576 0.032 100.711 9.6 0.137 285.278
seq09_02/frame-006280 1.0 0.499 0.046 96.447 8.692 0.137 274.511
seq09_02/frame-006290 1.0 0.438 0.052 95.55 7.906 0.139 282.616
seq09_02/frame-006300 1.0 0.539 0.039 95.162 6.508 0.155 323.242
seq09_02/frame-006310 1.0 0.617 0.24 157.905 6.584 0.51 439.044
seq09_02/frame-006320 1.0 0.712 0.14 63.057 7.094 1.169 467.258
seq09_02/frame-006330 1.0 0.794 0.128 94.482 6.464 2.751 327.044
seq09_02/frame-006340 1.0 0.413 0.207 162.468 14.246 7.146 266.603
seq09_02/frame-006350 1.0 0.353 0.337 255.395 26.023 13.282 190.525
seq09_02/frame-006360 1.0 0.319 0.328 251.343 23.235 18.065 197.524
seq09_02/frame-006370 1.0 0.382 0.314 256.132 10.106 17.991 186.655
seq09_02/frame-006380 1.0 0.482 0.279 199.768 5.446 11.973 173.715
seq09_02/frame-006390 1.0 0.558 0.355 252.7 4.158 3.795 355.682
seq09_02/frame-006400 1.0 0.527 0.314 211.37 4.334 2.132 420.854
seq09_02/frame-006410 1.0 0.502 0.271 184.456 4.22 1.939 392.475
seq09_02/frame-006420 1.0 0.44 0.299 203.281 5.313 2.052 348.367
seq09_02/frame-006430 1.0 0.41 0.3 224.287 4.761 6.379 275.077
seq09_02/frame-006440 1.0 0.697 0.107 84.999 4.537 9.717 230.794
seq09_02/frame-006450 1.0 0.739 0.112 89.081 3.977 6.75 153.608
seq09_02/frame-006460 1.0 0.745 0.114 92.776 4.032 5.815 136.943
seq09_02/frame-006470 1.0 0.725 0.111 100.887 3.969 4.915 158.942
seq09_02/frame-006480 1.0 0.763 0.192 119.278 6.215 3.693 19.9847
seq09_02/frame-006490 1.0 0.718 0.231 143.83 5.084 2.469 93.7997
seq09_02/frame-006500 1.0 0.651 0.281 184.252 4.497 1.859 146.428
seq09_02/frame-006510 1.0 0.568 0.32 233.139 5.582 1.54 133.04
seq09_02/frame-006520 1.0 0.48 0.38 283.935 4.337 1.376 118.077
seq09_02/frame-006530 1.0 0.447 0.268 167.494 4.824 1.178 110.0
seq09_02/frame-006540 1.0 0.707 0.222 126.74 6.565 1.334 112.901
seq09_02/frame-006550 1.0 0.843 0.131 70.255 5.899 1.401 164.767
seq09_02/frame-006560 1.0 0.89 0.073 47.188 5.895 1.419 197.789
seq09_02/frame-006570 1.0 0.895 0.068 36.588 4.763 1.385 169.488
seq09_02/frame-006580 1.0 0.884 0.071 39.03 3.353 1.257 142.168
seq09_02/frame-006590 1.0 0.812 0.074 49.052 2.569 1.049 146.326
seq09_02/frame-006600 1.0 0.816 0.068 51.061 2.899 1.051 118.101
seq09_02/frame-006610 1.0 0.834 0.077 52.42 4.142 1.08 133.448
seq09_02/frame-006620 1.0 0.819 0.095 61.152 3.365 1.048 140.363
seq09_02/frame-006630 1.0 0.827 0.084 56.565 3.579 1.031 141.053
seq09_02/frame-006640 1.0 0.829 0.084 54.459 3.099 1.033 143.98
seq09_02/frame-006650 1.0 0.772 0.093 56.813 3.702 0.949 217.665
seq09_02/frame-006660 1.0 0.8 0.097 63.861 3.621 0.769 302.39
seq09_02/frame-006670 1.0 0.772 0.414 172.541 3.905 0.284 363.642
seq09_02/frame-006680 1.0 0.754 0.454 171.426 3.324 0.245 410.399
seq09_02/frame-006690 1.0 0.787 0.366 154.728 3.872 0.308 356.015
seq09_02/frame-006700 1.0 0.852 0.208 87.087 3.602 0.386 334.56
seq09_02/frame-006710 1.0 0.797 0.218 85.144 3.397 0.421 276.32
seq09_02/frame-006720 1.0 0.73 0.306 116.224 2.843 0.51 233.399
seq09_02/frame-006730 1.0 0.86 0.144 69.613 3.283 0.599 247.401
seq09_02/frame-006740 1.0 0.854 0.054 38.622 3.776 0.884 195.086
seq09_02/frame-006750 1.0 0.759 0.079 41.786 5.294 0.994 277.62
seq09_02/frame-006760 1.0 0.716 0.08 40.039 4.793 1.227 194.671
seq09_02/frame-006770 1.0 0.771 0.067 44.381 4.756 1.552 200.091
seq09_02/frame-006780 1.0 0.635 0.13 51.792 5.459 1.478 49.9746
seq09_02/frame-006790 1.0 0.54 0.134 51.25 6.224 1.299 73.4929
seq09_02/frame-006800 1.0 0.643 0.142 53.932 5.887 1.295 35.2609
seq09_02/frame-006810 1.0 0.713 0.11 50.352 5.791 1.035 142.169
seq09_02/frame-006820 1.0 0.741 0.081 50.345 5.37 0.715 198.636
seq09_02/frame-006830 1.0 0.712 0.111 41.212 4.498 0.464 342.048
seq09_02/frame-006840 1.0 0.635 0.104 39.622 4.795 0.389 314.46
seq09_02/frame-006850 1.0 0.481 0.113 40.948 5.033 0.406 289.141
seq09_02/frame-006860 1.0 0.728 0.107 40.148 4.595 0.372 181.752
seq09_02/frame-006870 1.0 0.661 0.073 33.012 4.689 0.179 149.59
seq09_02/frame-006880 1.0 0.678 0.033 29.804 4.494 0.111 134.828
seq09_02/frame-006890 1.0 0.607 0.031 27.142 4.742 0.146 150.484
seq09_02/frame-006900 1.0 0.55 0.063 37.648 2.006 0.106 220.956
seq09_02/frame-006910 1.0 0.498 0.053 37.907 1.941 0.11 177.73
seq09_02/frame-006920 1.0 0.521 0.052 32.357 2.45 0.201 160.5
seq09_02/frame-006930 1.0 0.5 0.052 36.306 2.404 0.114 191.373
seq09_02/frame-006940 1.0 0.419 0.055 38.972 1.853 0.11 219.395
seq09_02/frame-006950 1.0 0.409 0.072 37.557 1.461 0.111 266.8
seq09_02/frame-006960 1.0 0.24 0.084 46.524 0.873 0.1 250.948
seq09_02/frame-006970 1.0 0.264 0.102 48.407 0.748 0.098 249.978
seq09_02/frame-006980 1.0 0.372 0.121 43.637 0.867 0.119 280.745
seq09_02/frame-006990 1.0 0.421 0.247 36.882 0.939 0.166 352.246
seq09_02/frame-007000 1.0 0.64 0.24 57.827 2.349 0.207 402.728
seq09_02/frame-007010 1.0 0.509 0.349 131.32 1.982 0.228 420.047
seq09_02/frame-007020 1.0 0.05 0.715 619.56 1.349 0.311 439.088
seq09_02/frame-007030 1.0 -0.076 0.741 628.6 1.022 0.382 389.654
seq09_02/frame-007040 1.0 0.247 0.328 240.03 2.34 0.488 265.093
seq09_02/frame-007050 1.0 0.715 0.111 72.854 4.488 0.515 197.294
seq09_02/frame-007060 1.0 0.697 0.106 62.028 3.754 0.5 164.46
seq09_02/frame-007070 1.0 0.732 0.074 47.595 4.991 0.524 361.93
seq09_02/frame-007080 1.0 0.741 0.09 53.035 5.793 0.657 367.073
seq09_02/frame-007090 1.0 0.74 0.092 52.624 5.835 0.668 392.651
seq09_02/frame-007100 1.0 0.671 0.093 45.367 5.51 0.678 408.521
seq09_02/frame-007110 1.0 0.673 0.103 47.822 5.29 0.686 423.528
seq09_02/frame-007120 1.0 0.672 0.114 48.627 5.285 0.657 371.474
seq09_02/frame-007130 1.0 0.67 0.113 48.241 5.531 0.663 363.679
seq09_02/frame-007140 1.0 0.667 0.112 47.771 5.467 0.684 351.973
seq09_02/frame-007150 1.0 0.671 0.109 47.835 5.483 0.692 340.738
seq09_02/frame-007160 1.0 0.677 0.106 48.083 5.59 0.69 332.598
seq09_02/frame-007170 1.0 0.678 0.104 48.205 5.524 0.689 329.877
seq09_02/frame-007180 1.0 0.679 0.101 48.36 5.589 0.682 328.289
seq09_02/frame-007190 1.0 0.676 0.102 48.979 5.52 0.675 329.363
seq09_02/frame-007200 1.0 0.682 0.095 50.027 5.447 0.664 319.541
seq09_02/frame-007210 1.0 0.694 0.091 52.319 5.55 0.695 252.886
seq09_02/frame-007220 1.0 0.657 0.118 56.077 5.231 0.686 301.957
seq09_02/frame-007230 1.0 0.639 0.138 65.549 5.212 0.652 291.602
seq09_02/frame-007240 1.0 0.618 0.164 66.883 5.43 0.556 168.766
