seq08_02/frame-000000 -0.367753 0.807632 0.441699 -0.131871 -0.802481 -1.34501 1.7127
seq08_02/frame-000010 -0.367536 0.813493 0.431851 -0.129038 -0.8327 -1.38746 1.71358
seq08_02/frame-000020 -0.371898 0.801449 0.447716 -0.137557 -0.875041 -1.43546 1.7156
seq08_02/frame-000030 -0.375534 0.784596 0.468141 -0.155648 -1.02346 -1.44367 1.71706
seq08_02/frame-000040 -0.390946 0.783602 0.451541 -0.170997 -1.23441 -1.42339 1.75196
seq08_02/frame-000050 -0.371235 0.758895 0.496297 -0.19988 -1.40927 -1.4814 1.75335
seq08_02/frame-000060 -0.366914 0.738117 0.52466 -0.212816 -1.54092 -1.51868 1.75671
seq08_02/frame-000070 -0.320526 0.650647 0.635364 -0.265015 -1.73337 -1.40758 1.75456
seq08_02/frame-000080 -0.26697 0.585274 0.721127 -0.257211 -1.86841 -1.39797 1.74056
seq08_02/frame-000090 -0.250892 0.50647 0.772881 -0.288438 -1.90778 -1.55284 1.74949
seq08_02/frame-000100 -0.245007 0.462466 0.800027 -0.293349 -1.91205 -1.65391 1.7478
seq08_02/frame-000110 -0.22655 0.379692 0.836738 -0.323076 -1.94014 -1.74618 1.74674
seq08_02/frame-000120 -0.1724 0.275198 0.874815 -0.359506 -2.05266 -1.89607 1.75854
seq08_02/frame-000130 -0.149927 0.221154 0.887314 -0.375881 -2.10141 -2.14313 1.74556
seq08_02/frame-000140 -0.185054 0.316121 0.865611 -0.341381 -2.13306 -2.4278 1.74609
seq08_02/frame-000150 -0.158309 0.371776 0.861233 -0.308216 -2.31216 -2.6664 1.73919
seq08_02/frame-000160 -0.168591 0.36982 0.863417 -0.298866 -2.17646 -2.88778 1.71956
seq08_02/frame-000170 -0.152454 0.261687 0.891295 -0.337449 -1.94012 -3.14875 1.70411
seq08_02/frame-000180 -0.147698 0.247561 0.871936 -0.395763 -1.92824 -3.46769 1.71968
seq08_02/frame-000190 -0.203572 0.338977 0.815011 -0.423568 -1.79015 -3.74056 1.73427
seq08_02/frame-000200 -0.0669467 0.0960483 0.90191 -0.415752 -1.6935 -3.90555 1.72146
seq08_02/frame-000210 0.0133492 -0.039699 0.890237 -0.453568 -1.73906 -3.97197 1.73838
seq08_02/frame-000220 0.0932836 -0.186273 0.882035 -0.422628 -1.78028 -3.89593 1.73704
seq08_02/frame-000230 0.114509 -0.231928 0.845296 -0.467516 -1.79837 -3.74946 1.7717
seq08_02/frame-000240 0.167533 -0.289835 0.817785 -0.468141 -1.79505 -3.82036 1.777
seq08_02/frame-000250 0.247114 -0.506612 0.75339 -0.338648 -1.84061 -3.92831 1.7494
seq08_02/frame-000260 0.244078 -0.531267 0.739387 -0.333899 -1.8905 -3.8207 1.75631
seq08_02/frame-000270 0.242096 -0.606992 0.700852 -0.285932 -1.93031 -3.73255 1.74608
seq08_02/frame-000280 -0.301223 0.686505 -0.619918 0.23168 -1.97115 -3.7191 1.74785
seq08_02/frame-000290 0.290537 -0.523062 0.709238 -0.372794 -1.97534 -3.49529 1.78495
seq08_02/frame-000300 0.241405 -0.529036 0.742789 -0.331827 -1.87342 -3.41112 1.77088
seq08_02/frame-000310 0.159079 -0.336192 0.856873 -0.356984 -1.86644 -3.22405 1.76452
seq08_02/frame-000320 0.0649796 -0.229168 0.903031 -0.357483 -2.01316 -3.13498 1.76324
seq08_02/frame-000330 -0.0109863 -0.0951514 0.93136 -0.351273 -1.96931 -2.91723 1.7547
seq08_02/frame-000340 0.03621 -0.21015 0.920745 -0.326734 -2.14872 -2.73846 1.7585
seq08_02/frame-000350 0.0552446 -0.227612 0.925355 -0.298092 -2.13861 -2.56712 1.74985
seq08_02/frame-000360 0.113825 -0.417055 0.866809 -0.2485 -2.12609 -2.47641 1.74765
seq08_02/frame-000370 0.224068 -0.5953 0.743445 -0.206638 -2.16259 -2.51657 1.76543
seq08_02/frame-000380 0.174783 -0.56787 0.770765 -0.22999 -1.94738 -2.74907 1.7261
seq08_02/frame-000390 0.1911 -0.682632 0.684684 -0.169414 -1.82941 -3.06518 1.70504
seq08_02/frame-000400 -0.233844 0.827775 -0.498102 0.109548 -1.54027 -3.15707 1.66766
seq08_02/frame-000410 -0.297104 0.929435 -0.216191 0.0337763 -1.4535 -3.24632 1.68542
seq08_02/frame-000420 -0.311097 0.941667 -0.1274 0.0158163 -1.44749 -3.17552 1.68543
seq08_02/frame-000430 -0.32128 0.942684 0.0460414 -0.0774989 -1.36234 -3.11318 1.67814
seq08_02/frame-000440 -0.311766 0.941627 0.104466 -0.0722995 -1.47877 -3.01226 1.68165
seq08_02/frame-000450 -0.403457 0.902067 0.126122 -0.0871263 -1.38672 -2.97325 1.70959
seq08_02/frame-000460 -0.316004 0.920061 0.217714 -0.0789202 -1.10936 -2.87587 1.68534
seq08_02/frame-000470 -0.248227 0.967462 0.0460506 -0.0167372 -1.00466 -2.7992 1.6372
seq08_02/frame-000480 -0.209821 0.970219 0.112131 -0.0455713 -0.794655 -2.79054 1.6075
seq08_02/frame-000490 -0.21226 0.9472 0.218389 -0.100326 -0.715574 -2.76051 1.6054
seq08_02/frame-000500 -0.198569 0.926328 0.315275 -0.0555763 -0.787988 -2.52121 1.46162
seq08_02/frame-000510 -0.171932 0.865386 0.468968 -0.040194 -0.804891 -2.37797 1.30188
seq08_02/frame-000520 -0.125014 0.812923 0.563182 -0.0797121 -0.786907 -2.20888 1.28193
seq08_02/frame-000530 -0.141158 0.720044 0.677019 -0.0570688 -0.879233 -2.02602 1.43126
seq08_02/frame-000540 -0.137569 0.526226 0.822881 -0.164401 -0.804017 -1.77191 1.5335
seq08_02/frame-000550 -0.160956 0.360904 0.886886 -0.239321 -0.821759 -1.45168 1.63124
seq08_02/frame-000560 -0.09458 0.168669 0.932021 -0.3065 -0.748687 -1.10849 1.67725
seq08_02/frame-000570 -0.112344 0.160408 0.917804 -0.345375 -0.576697 -0.996881 1.52763
seq08_02/frame-000580 -0.0578203 0.0834144 0.921519 -0.374836 -0.466958 -1.03251 1.50933
seq08_02/frame-000590 -0.0136544 -0.0143901 0.937211 -0.348198 -0.275946 -0.967376 1.62473
seq08_02/frame-000600 0.0565878 -0.156875 0.918648 -0.358153 -0.146468 -0.869041 1.67414
seq08_02/frame-000610 -0.00183105 -0.0622236 0.919486 -0.388162 0.167356 -1.07759 1.68271
seq08_02/frame-000620 -0.00484411 -0.00984405 0.907492 -0.419924 0.375485 -1.27373 1.70914
seq08_02/frame-000630 -0.102338 0.1128 0.906111 -0.394671 0.738545 -1.35559 1.65993
seq08_02/frame-000640 -0.155756 0.211918 0.89522 -0.359739 1.10338 -1.49918 1.61941
seq08_02/frame-000650 -0.20605 0.327567 0.856101 -0.342541 1.39804 -1.57581 1.6041
seq08_02/frame-000660 -0.258151 0.380183 0.806654 -0.371656 1.54338 -1.82616 1.59798
seq08_02/frame-000670 -0.211027 0.30082 0.790395 -0.490152 1.53914 -2.12464 1.65215
seq08_02/frame-000680 -0.192934 0.256164 0.817461 -0.478451 1.44034 -2.3599 1.62632
seq08_02/frame-000690 -0.153685 0.190719 0.844826 -0.475684 1.24618 -2.58739 1.61889
seq08_02/frame-000700 -0.148876 0.18059 0.859567 -0.454278 1.13349 -2.96655 1.60206
seq08_02/frame-000710 -0.14589 0.22908 0.829696 -0.48769 1.01031 -3.38392 1.63466
seq08_02/frame-000720 -0.275464 0.340108 0.713191 -0.547544 0.944204 -3.79054 1.73747
seq08_02/frame-000730 -0.288869 0.363336 0.692123 -0.552727 0.857922 -4.05937 1.74791
seq08_02/frame-000740 -0.338765 0.431938 0.666551 -0.504359 0.860287 -4.29862 1.7056
seq08_02/frame-000750 -0.354424 0.560879 0.652505 -0.366109 0.954895 -4.58069 1.61777
seq08_02/frame-000760 -0.312207 0.617697 0.645735 -0.322494 0.901485 -4.79867 1.55721
seq08_02/frame-000770 -0.353727 0.715616 0.541021 -0.264704 0.937373 -4.93053 1.50423
seq08_02/frame-000780 -0.375622 0.764667 0.484069 -0.19967 0.9139 -5.06922 1.4535
seq08_02/frame-000790 -0.366088 0.59812 0.612096 -0.365472 0.686145 -5.26837 1.61526
seq08_02/frame-000800 -0.38573 0.643527 0.569875 -0.335155 0.591023 -5.38093 1.63096
seq08_02/frame-000810 -0.473753 0.709439 0.455838 -0.2539 0.443636 -5.31274 1.6432
seq08_02/frame-000820 -0.438167 0.767939 0.421007 -0.202566 0.117079 -5.28679 1.6208
seq08_02/frame-000830 -0.388257 0.78898 0.425911 -0.212994 -0.222682 -5.21442 1.5962
seq08_02/frame-000840 -0.365947 0.778468 0.464062 -0.211462 -0.606787 -5.10419 1.56071
seq08_02/frame-000850 -0.308166 0.781735 0.516522 -0.164704 -1.01588 -5.00323 1.45095
seq08_02/frame-000860 -0.285093 0.749033 0.574066 -0.167689 -1.21488 -4.8634 1.42853
seq08_02/frame-000870 -0.282833 0.751599 0.571257 -0.169619 -1.22917 -4.8975 1.43297
seq08_02/frame-000880 -0.27584 0.749432 0.577163 -0.170727 -1.22688 -4.89212 1.43931
seq08_02/frame-000890 -0.252049 0.743043 0.595768 -0.171516 -1.20269 -4.84995 1.47202