seq05_02/frame-000000 0.730618 -0.679234 -0.0334108 0.061002 -1.33813 1.8011 1.52811
seq05_02/frame-000010 0.724782 -0.664448 -0.115422 0.140992 -1.38445 1.722 1.53893
seq05_02/frame-000020 0.721105 -0.646163 -0.16585 0.187014 -1.39512 1.61655 1.54762
seq05_02/frame-000030 0.675337 -0.649091 -0.241308 0.253716 -1.38557 1.50538 1.53466
seq05_02/frame-000040 0.626351 -0.634916 -0.32146 0.318163 -1.36305 1.43192 1.53256
seq05_02/frame-000050 0.585231 -0.63126 -0.379801 0.338776 -1.3327 1.41267 1.52027
seq05_02/frame-000060 0.531414 -0.64248 -0.457887 0.308479 -1.27962 1.42584 1.49452
seq05_02/frame-000070 -0.443912 0.65727 0.512554 -0.328977 -1.22091 1.42432 1.46166
seq05_02/frame-000080 -0.420738 0.67002 0.522517 -0.317851 -1.14804 1.40217 1.44179
seq05_02/frame-000090 -0.385922 0.693425 0.548779 -0.262808 -1.07507 1.40306 1.41782
seq05_02/frame-000100 -0.352327 0.724188 0.552332 -0.215284 -1.0357 1.46855 1.39065
seq05_02/frame-000110 -0.311097 0.738257 0.561296 -0.207711 -1.00008 1.54693 1.2955
seq05_02/frame-000120 -0.255495 0.759122 0.574138 -0.169769 -0.934752 1.62549 1.1932
seq05_02/frame-000130 -0.239228 0.795301 0.543277 -0.122946 -0.861922 1.68811 1.14673
seq05_02/frame-000140 -0.224416 0.792056 0.553785 -0.124927 -0.806004 1.74649 1.18091
seq05_02/frame-000150 -0.234163 0.767077 0.586028 -0.115462 -0.788666 1.88126 1.26666
seq05_02/frame-000160 -0.237361 0.687745 0.672485 -0.135759 -0.823398 2.01688 1.33332
seq05_02/frame-000170 -0.187784 0.606147 0.746948 -0.198476 -0.909782 2.09845 1.31765
seq05_02/frame-000180 -0.209939 0.590481 0.726079 -0.282961 -0.990744 2.20194 1.34368
seq05_02/frame-000190 -0.228503 0.61168 0.691411 -0.309168 -0.984439 2.29535 1.36377
seq05_02/frame-000200 -0.200344 0.564778 0.731688 -0.324839 -0.9491 2.36965 1.35603
seq05_02/frame-000210 -0.211873 0.550767 0.74438 -0.312514 -0.86994 2.35948 1.35356
seq05_02/frame-000220 -0.213414 0.521777 0.757697 -0.328784 -0.76882 2.27484 1.36379
seq05_02/frame-000230 -0.220208 0.549873 0.739344 -0.320186 -0.624597 2.18949 1.35372
seq05_02/frame-000240 -0.224069 0.614881 0.690646 -0.307771 -0.474768 2.18007 1.36354
seq05_02/frame-000250 -0.268281 0.636133 0.664123 -0.286882 -0.386112 2.23628 1.38104
seq05_02/frame-000260 -0.274783 0.667129 0.634636 -0.276894 -0.348077 2.3147 1.37644
seq05_02/frame-000270 -0.289868 0.711437 0.582191 -0.266249 -0.327459 2.40059 1.37518
seq05_02/frame-000280 -0.33682 0.75018 0.512159 -0.247941 -0.320155 2.44072 1.39182
seq05_02/frame-000290 -0.385561 0.813687 0.381515 -0.20905 -0.339253 2.38003 1.37567
seq05_02/frame-000300 -0.426585 0.82736 0.292564 -0.218879 -0.382156 2.22258 1.3819
seq05_02/frame-000310 -0.457935 0.805941 0.317905 -0.199225 -0.438802 2.07288 1.40457
seq05_02/frame-000320 -0.460734 0.83328 0.278505 -0.125713 -0.509792 1.90857 1.38993
seq05_02/frame-000330 -0.468886 0.843671 0.246661 -0.0867396 -0.6349 1.77715 1.37713
seq05_02/frame-000340 -0.498106 0.854317 0.142863 -0.0403014 -0.797447 1.65729 1.36475
seq05_02/frame-000350 0.536942 -0.840773 -0.065395 -0.0227887 -0.923189 1.60022 1.36191
seq05_02/frame-000360 0.529471 -0.844756 -0.0685784 0.0366797 -1.15247 1.60316 1.33266
seq05_02/frame-000370 0.525573 -0.834719 -0.143506 0.0801648 -1.3974 1.59127 1.32705
seq05_02/frame-000380 0.53382 -0.829523 -0.138825 0.0874988 -1.57574 1.58122 1.34742
seq05_02/frame-000390 0.549591 -0.819297 -0.13898 0.08595 -1.67549 1.62708 1.3772
seq05_02/frame-000400 0.581436 -0.785507 -0.174876 0.119704 -1.74296 1.70796 1.42261
seq05_02/frame-000410 0.53569 -0.778143 -0.274098 0.180006 -1.83312 1.78017 1.42241
seq05_02/frame-000420 -0.496959 0.73391 0.398161 -0.236383 -1.91695 1.71975 1.39818
seq05_02/frame-000430 -0.440538 0.690081 0.49648 -0.288484 -1.95143 1.57272 1.35454
seq05_02/frame-000440 -0.381682 0.651706 0.576986 -0.310943 -1.92815 1.38369 1.31117
seq05_02/frame-000450 -0.339291 0.639373 0.624397 -0.293619 -1.8886 1.23854 1.25664
seq05_02/frame-000460 -0.300465 0.638438 0.652327 -0.276747 -1.8618 1.17788 1.19071
seq05_02/frame-000470 -0.245768 0.630034 0.692892 -0.250114 -1.82049 1.15391 1.12256
seq05_02/frame-000480 -0.24025 0.582596 0.724748 -0.278573 -1.74681 1.11338 1.11219
seq05_02/frame-000490 -0.221533 0.541599 0.746799 -0.316047 -1.65121 1.05501 1.11334
seq05_02/frame-000500 -0.222602 0.518478 0.743552 -0.358832 -1.57483 0.99219 1.15452
seq05_02/frame-000510 -0.240489 0.519912 0.72026 -0.391258 -1.45567 0.940119 1.22102
seq05_02/frame-000520 -0.219085 0.576195 0.70418 -0.352322 -1.3156 0.96171 1.19962
seq05_02/frame-000530 -0.239153 0.634002 0.681437 -0.27657 -1.16113 1.04233 1.15607
seq05_02/frame-000540 -0.263924 0.672648 0.645895 -0.246392 -0.97888 1.1436 1.14759
seq05_02/frame-000550 -0.263866 0.735298 0.603088 -0.161235 -0.837315 1.21343 1.12028
seq05_02/frame-000560 -0.273703 0.807005 0.511698 -0.109519 -0.710185 1.2631 1.10478
seq05_02/frame-000570 -0.28829 0.861857 0.408006 -0.0873151 -0.581836 1.29844 1.10499
seq05_02/frame-000580 -0.314915 0.896307 0.301429 -0.0812654 -0.461257 1.35844 1.12062
seq05_02/frame-000590 -0.356114 0.907238 0.212761 -0.0695374 -0.352016 1.42459 1.14818
seq05_02/frame-000600 -0.402902 0.902722 0.139495 -0.0574804 -0.263994 1.46785 1.18716
seq05_02/frame-000610 -0.495753 0.85747 0.119075 -0.0692401 -0.229457 1.48524 1.28205
seq05_02/frame-000620 0.509539 -0.849956 -0.110166 0.0762123 -0.189295 1.5076 1.29724
seq05_02/frame-000630 -0.472376 0.880583 0.0360836 -0.0115659 -0.111868 1.53924 1.25524
seq05_02/frame-000640 -0.458481 0.881723 -0.0979819 0.0525364 -0.109003 1.56566 1.23299
seq05_02/frame-000650 -0.452828 0.828851 -0.304047 0.124528 -0.165509 1.58405 1.22038
seq05_02/frame-000660 -0.368755 0.784399 -0.468307 0.171544 -0.179922 1.64768 1.17574
seq05_02/frame-000670 -0.339406 0.739438 -0.551742 0.183347 -0.149543 1.70546 1.14815
seq05_02/frame-000680 -0.277808 0.725681 -0.59773 0.197307 -0.139816 1.76683 1.10332
seq05_02/frame-000690 0.227462 -0.672519 0.682303 -0.174474 -0.18805 1.82318 1.06745
seq05_02/frame-000700 -0.254575 0.734659 -0.604011 0.17504 -0.209304 1.95176 1.07646
seq05_02/frame-000710 -0.325047 0.765506 -0.501845 0.23769 -0.229127 2.09413 1.15674
seq05_02/frame-000720 -0.40707 0.713278 -0.493536 0.28627 -0.22695 2.17763 1.23221
seq05_02/frame-000730 -0.445828 0.695787 -0.481081 0.292711 -0.203048 2.25658 1.27155
seq05_02/frame-000740 -0.467118 0.742212 -0.41337 0.245048 -0.167991 2.401 1.26723
seq05_02/frame-000750 0.511592 -0.766338 0.322085 -0.217391 -0.120103 2.51757 1.28938
seq05_02/frame-000760 0.54413 -0.828827 0.12411 -0.0395708 -0.0784329 2.6079 1.30989
seq05_02/frame-000770 0.533284 -0.831712 -0.104692 0.113602 -0.0351764 2.73065 1.33398
seq05_02/frame-000780 0.518237 -0.802055 -0.23551 0.18077 -0.00335579 2.80136 1.33835
seq05_02/frame-000790 0.62039 -0.720569 -0.231934 0.205199 0.033133 2.78097 1.42707
seq05_02/frame-000800 0.703647 -0.67186 -0.169573 0.157255 0.0527861 2.71478 1.5138
seq05_02/frame-000810 0.718184 -0.695141 -0.0112869 -0.0293778 0.0357831 2.64617 1.57437
seq05_02/frame-000820 0.680275 -0.702892 0.160482 -0.131959 -0.02094 2.54359 1.57196
seq05_02/frame-000830 0.62307 -0.704595 0.261523 -0.216647 -0.0451318 2.40841 1.5721
seq05_02/frame-000840 0.593056 -0.697325 0.304649 -0.263083 -0.0568208 2.22255 1.56635
seq05_02/frame-000850 0.523569 -0.72836 0.345513 -0.275658 -0.0661892 1.98347 1.56333
seq05_02/frame-000860 -0.498126 0.716311 -0.417664 0.253626 -0.0946862 1.82275 1.52806
seq05_02/frame-000870 -0.429845 0.760206 -0.446237 0.19543 -0.144599 1.74991 1.38973
seq05_02/frame-000880 -0.35742 0.771474 -0.492419 0.186018 -0.194102 1.5998 1.30361
seq05_02/frame-000890 -0.310596 0.7402 -0.550113 0.230239 -0.224222 1.37175 1.28737
seq05_02/frame-000900 -0.315398 0.700751 -0.591035 0.245253 -0.249894 1.23121 1.30778
seq05_02/frame-000910 0.313467 -0.637128 0.64973 -0.271399 -0.28398 1.14747 1.33269
seq05_02/frame-000920 0.276376 -0.554223 0.715809 -0.322599 -0.323523 1.10182 1.35231
seq05_02/frame-000930 0.211106 -0.419688 0.795367 -0.382999 -0.340386 1.10116 1.37188
seq05_02/frame-000940 0.134118 -0.189662 0.871982 -0.430917 -0.375328 1.18532 1.40082
seq05_02/frame-000950 0.0281968 -0.0251288 0.884545 -0.464923 -0.44244 1.27477 1.42033
seq05_02/frame-000960 -0.0490729 0.0790605 0.866014 -0.491285 -0.501115 1.39845 1.43961
seq05_02/frame-000970 -0.104081 0.126539 0.829858 -0.533377 -0.506566 1.52223 1.46473
seq05_02/frame-000980 -0.11396 0.136937 0.810045 -0.558649 -0.496297 1.6148 1.49703
seq05_02/frame-000990 -0.12758 0.16855 0.775185 -0.595316 -0.468671 1.67508 1.52981
seq05_02/frame-001000 -0.145357 0.162197 0.728973 -0.64897 -0.377581 1.72179 1.55991
seq05_02/frame-001010 0.116616 -0.121805 -0.696218 0.697742 -0.272167 1.74634 1.58437
seq05_02/frame-001020 0.103438 -0.0956433 -0.695348 0.704731 -0.207834 1.75665 1.60017
seq05_02/frame-001030 -0.0791245 0.0883832 0.729949 -0.673129 -0.188638 1.76672 1.57965
seq05_02/frame-001040 -0.0674929 0.124171 0.79651 -0.587877 -0.218521 1.80189 1.51397
seq05_02/frame-001050 -0.0806949 0.162608 0.852445 -0.49029 -0.260998 1.87791 1.43608
seq05_02/frame-001060 -0.098245 0.21586 0.885421 -0.399725 -0.30209 1.93537 1.36696
seq05_02/frame-001070 -0.10094 0.286356 0.872438 -0.382965 -0.328616 1.97856 1.34928
seq05_02/frame-001080 -0.0561635 0.255528 0.879819 -0.396825 -0.275317 1.97135 1.34957
seq05_02/frame-001090 -0.0212678 0.178523 0.889 -0.421136 -0.194467 1.94377 1.36455
seq05_02/frame-001100 -0.0286637 0.150667 0.887649 -0.434231 -0.157646 1.93439 1.37882
seq05_02/frame-001110 -0.0485981 0.192747 0.87508 -0.441273 -0.185226 1.94879 1.38416
seq05_02/frame-001120 -0.0652993 0.210993 0.873113 -0.434617 -0.201296 1.94926 1.38438