seq10_02/frame-000000 -0.349483 0.739954 -0.5051 0.274234 -5.67893 -2.10297 1.60783
seq10_02/frame-000010 -0.348938 0.791661 -0.445751 0.229829 -5.68668 -2.05277 1.59083
seq10_02/frame-000020 -0.353774 0.787515 -0.438612 0.249565 -5.7006 -2.04971 1.59537
seq10_02/frame-000030 -0.36205 0.772121 -0.452021 0.261582 -5.70402 -2.0696 1.60474
seq10_02/frame-000040 -0.372529 0.755674 -0.45756 0.284285 -5.70557 -2.07034 1.60721
seq10_02/frame-000050 -0.449481 0.630753 -0.478369 0.413862 -5.70832 -2.00819 1.63907
seq10_02/frame-000060 -0.425463 0.596902 -0.512645 0.447085 -5.66901 -1.88897 1.6346
seq10_02/frame-000070 -0.387231 0.59578 -0.526471 0.466826 -5.5923 -1.78389 1.61802
seq10_02/frame-000080 -0.400007 0.56885 -0.522121 0.493755 -5.49595 -1.69073 1.62713
seq10_02/frame-000090 0.367468 -0.54621 0.55037 -0.513532 -5.4173 -1.60341 1.62732
seq10_02/frame-000100 0.300744 -0.445849 0.650673 -0.536093 -5.34753 -1.42754 1.59848
seq10_02/frame-000110 0.211947 -0.383201 0.717666 -0.541471 -5.31952 -1.28056 1.59702
seq10_02/frame-000120 0.177916 -0.358372 0.72585 -0.559515 -5.32687 -1.25142 1.59736
seq10_02/frame-000130 0.190147 -0.354826 0.717987 -0.567836 -5.33509 -1.25962 1.60672
seq10_02/frame-000140 0.182093 -0.366253 0.712595 -0.570009 -5.32181 -1.24408 1.60086
seq10_02/frame-000150 0.149596 -0.347121 0.719528 -0.582587 -5.27213 -1.21753 1.59346
seq10_02/frame-000160 0.0642002 -0.200438 0.772518 -0.599098 -5.09661 -1.15701 1.6109
seq10_02/frame-000170 0.0449161 -0.176616 0.78945 -0.586137 -5.0714 -1.15824 1.62297
seq10_02/frame-000180 0.0105687 -0.173955 0.793709 -0.582798 -5.05757 -1.17508 1.62287
seq10_02/frame-000190 0.0892125 -0.195321 0.783756 -0.582767 -5.09122 -1.21409 1.62783
seq10_02/frame-000200 0.127898 -0.26758 0.771806 -0.562456 -5.03277 -1.32676 1.65603
seq10_02/frame-000210 0.0781484 -0.322042 0.792446 -0.512065 -4.9563 -1.36983 1.66001
seq10_02/frame-000220 -0.0102957 -0.270885 0.807188 -0.524369 -4.91851 -1.37433 1.65259
seq10_02/frame-000230 -0.056357 -0.253422 0.796579 -0.545951 -4.90832 -1.35885 1.65102
seq10_02/frame-000240 0.0120614 -0.243995 0.795132 -0.555055 -4.96833 -1.32201 1.64345
seq10_02/frame-000250 0.100907 -0.276961 0.78762 -0.541077 -5.03898 -1.29542 1.59936
seq10_02/frame-000260 0.224071 -0.33383 0.735808 -0.544919 -5.12301 -1.30981 1.5354
seq10_02/frame-000270 0.188743 -0.459985 0.726194 -0.474796 -5.18542 -1.36007 1.43794
seq10_02/frame-000280 0.285136 -0.494524 0.726591 -0.382374 -5.20917 -1.4237 1.32755
seq10_02/frame-000290 0.288219 -0.468555 0.727364 -0.410278 -5.19873 -1.49974 1.16657
seq10_02/frame-000300 0.291509 -0.463319 0.717786 -0.430278 -5.19532 -1.53651 1.04539
seq10_02/frame-000310 0.299554 -0.507019 0.682085 -0.433543 -5.19121 -1.57168 0.963355
seq10_02/frame-000320 0.312434 -0.480103 0.690031 -0.44243 -5.24312 -1.66285 0.983977
seq10_02/frame-000330 0.290387 -0.438596 0.702695 -0.479091 -5.32783 -1.84638 1.02507
seq10_02/frame-000340 0.238643 -0.448089 0.723781 -0.46734 -5.41587 -2.02684 0.976952
seq10_02/frame-000350 0.189442 -0.384989 0.768929 -0.473967 -5.5041 -2.10438 0.949895
seq10_02/frame-000360 0.214568 -0.327505 0.748522 -0.535178 -5.52488 -2.12239 1.10081
seq10_02/frame-000370 0.244742 -0.341262 0.705239 -0.571208 -5.44868 -2.14248 1.34881
seq10_02/frame-000380 0.280814 -0.40351 0.652692 -0.576469 -5.37831 -2.19745 1.48977
seq10_02/frame-000390 0.313411 -0.390885 0.630657 -0.592667 -5.35222 -2.27455 1.58366
seq10_02/frame-000400 -0.43918 0.474611 -0.512358 0.565113 -5.3364 -2.20905 1.71757
seq10_02/frame-000410 -0.486911 0.529503 -0.493454 0.488924 -5.32938 -2.06469 1.76835
seq10_02/frame-000420 0.50006 -0.49521 0.458889 -0.542332 -5.37256 -1.89983 1.80884
seq10_02/frame-000430 -0.458815 0.472812 -0.50505 0.557551 -5.35476 -1.74584 1.80838
seq10_02/frame-000440 -0.421145 0.477575 -0.519984 0.569366 -5.29818 -1.63494 1.79189
seq10_02/frame-000450 -0.392909 0.442969 -0.52758 0.609147 -5.25801 -1.59641 1.80395
seq10_02/frame-000460 -0.380796 0.424787 -0.55702 0.603558 -5.20011 -1.57792 1.8141
seq10_02/frame-000470 -0.336295 0.400707 -0.581708 0.622862 -5.15786 -1.53446 1.82323
seq10_02/frame-000480 0.280374 -0.384423 0.645331 -0.597627 -5.10053 -1.49713 1.84869
seq10_02/frame-000490 0.273395 -0.369865 0.65345 -0.601213 -5.08583 -1.46901 1.86805
seq10_02/frame-000500 -0.411871 0.461466 -0.541277 0.569589 -5.09306 -1.44473 1.83908
seq10_02/frame-000510 -0.421211 0.428459 -0.535039 0.593917 -5.09735 -1.43888 1.83667
seq10_02/frame-000520 -0.4373 0.442754 -0.538755 0.567874 -5.08479 -1.43265 1.82895
seq10_02/frame-000530 -0.429126 0.445774 -0.536501 0.573847 -5.09153 -1.41048 1.81803
seq10_02/frame-000540 -0.423717 0.452573 -0.54217 0.567181 -5.15587 -1.37812 1.79358
seq10_02/frame-000550 -0.434412 0.444682 -0.526183 0.580239 -5.20581 -1.34764 1.784
seq10_02/frame-000560 -0.429545 0.453153 -0.526217 0.577268 -5.21118 -1.31957 1.78387
seq10_02/frame-000570 -0.451839 0.473687 -0.505189 0.562357 -5.22117 -1.24508 1.79321
seq10_02/frame-000580 -0.453448 0.497766 -0.494932 0.549231 -5.22613 -1.15775 1.79343
seq10_02/frame-000590 -0.44811 0.497069 -0.495199 0.553985 -5.22179 -1.12929 1.78822
seq10_02/frame-000600 -0.436856 0.497812 -0.499597 0.558338 -5.22237 -1.15638 1.78791
seq10_02/frame-000610 -0.416561 0.492544 -0.524054 0.556099 -5.22772 -1.22647 1.78147
seq10_02/frame-000620 -0.431021 0.560049 -0.495343 0.505173 -5.24213 -1.2909 1.74822
seq10_02/frame-000630 -0.41739 0.617962 -0.48022 0.46184 -5.2547 -1.30003 1.69291
seq10_02/frame-000640 -0.383121 0.588465 -0.524552 0.481427 -5.25564 -1.25054 1.65031
seq10_02/frame-000650 0.356927 -0.545625 0.569148 -0.500966 -5.2543 -1.17304 1.59831
seq10_02/frame-000660 0.340537 -0.497219 0.599346 -0.526869 -5.26083 -1.12235 1.58843
seq10_02/frame-000670 0.307291 -0.401153 0.642458 -0.576104 -5.25381 -1.0433 1.60042
seq10_02/frame-000680 0.308558 -0.4042 0.639542 -0.576542 -5.22528 -0.984091 1.5848
seq10_02/frame-000690 0.314318 -0.440037 0.628747 -0.558791 -5.20818 -0.977329 1.53328
seq10_02/frame-000700 0.268839 -0.495244 0.649182 -0.510904 -5.1744 -0.979969 1.38405
seq10_02/frame-000710 0.228668 -0.481708 0.647904 -0.543957 -5.17254 -0.966266 1.30456
seq10_02/frame-000720 0.273436 -0.430259 0.640339 -0.574523 -5.18655 -0.989738 1.34805
seq10_02/frame-000730 0.291868 -0.449457 0.639121 -0.551657 -5.18163 -0.994365 1.29347
seq10_02/frame-000740 0.28387 -0.401511 0.652497 -0.576588 -5.1128 -0.958474 1.22632
seq10_02/frame-000750 -0.248438 0.317293 -0.645185 0.649107 -4.99509 -0.861812 1.1629
seq10_02/frame-000760 0.218434 -0.329391 0.667381 -0.631182 -4.91726 -0.833146 1.13365
seq10_02/frame-000770 0.219948 -0.341891 0.669392 -0.621811 -4.90255 -0.864578 1.19396
seq10_02/frame-000780 0.25949 -0.249082 0.675163 -0.644032 -4.92171 -0.879398 1.39408
seq10_02/frame-000790 0.303623 -0.200689 0.690885 -0.624672 -4.99583 -0.924253 1.58711
seq10_02/frame-000800 0.434275 -0.365004 0.601737 -0.562219 -5.11097 -1.00309 1.69474
seq10_02/frame-000810 -0.497801 0.379673 -0.517957 0.582891 -5.22784 -1.13161 1.8166
seq10_02/frame-000820 0.594723 -0.412314 0.411513 -0.55404 -5.32811 -1.27658 1.90002
seq10_02/frame-000830 0.586842 -0.397696 0.382895 -0.592324 -5.34041 -1.50103 1.93627
seq10_02/frame-000840 0.579119 -0.422132 0.391878 -0.576938 -5.32123 -1.69256 1.93783
seq10_02/frame-000850 0.633385 -0.527098 0.360761 -0.436855 -5.3671 -1.79491 1.88296
seq10_02/frame-000860 0.606698 -0.670192 0.307432 -0.297064 -5.42498 -1.83712 1.79219
seq10_02/frame-000870 0.542928 -0.774524 0.23779 -0.2209 -5.45765 -1.87062 1.70338
seq10_02/frame-000880 -0.497837 0.837983 -0.170212 0.144806 -5.38565 -1.92138 1.62744
seq10_02/frame-000890 -0.434869 0.88694 -0.118469 0.100953 -5.29007 -2.02671 1.56513
seq10_02/frame-000900 -0.383565 0.913299 -0.104877 0.0881021 -5.30217 -2.07891 1.53015
seq10_02/frame-000910 -0.353087 0.928768 -0.0847462 0.0744072 -5.31999 -2.10371 1.50323
seq10_02/frame-000920 -0.36323 0.930813 -0.0256155 0.031536 -5.36705 -2.12646 1.50232
seq10_02/frame-000930 -0.365015 0.929221 0.0570088 0.00780849 -5.42185 -2.14922 1.49161
seq10_02/frame-000940 -0.354301 0.926609 0.124048 -0.0218367 -5.46267 -2.17829 1.48297
seq10_02/frame-000950 -0.348823 0.919111 0.178412 -0.0415467 -5.48982 -2.19746 1.47501
seq10_02/frame-000960 -0.319012 0.895798 0.297966 -0.0836258 -5.49779 -2.21009 1.44724
seq10_02/frame-000970 -0.30122 0.867935 0.381022 -0.10381 -5.48381 -2.23219 1.43102
seq10_02/frame-000980 -0.33835 0.887947 0.301885 -0.0770403 -5.45 -2.18555 1.44064
seq10_02/frame-000990 -0.362429 0.882409 0.274001 -0.122156 -5.4195 -2.11173 1.4088
seq10_02/frame-001000 -0.367578 0.875911 0.281714 -0.135293 -5.44314 -2.00509 1.20928
seq10_02/frame-001010 -0.406044 0.86476 0.262399 -0.135885 -5.49972 -1.94043 0.997078
seq10_02/frame-001020 -0.428456 0.824724 0.32426 -0.176384 -5.50065 -1.90373 0.865952
seq10_02/frame-001030 -0.444196 0.802988 0.346969 -0.19368 -5.43547 -1.82918 0.780923
seq10_02/frame-001040 -0.429583 0.776612 0.380972 -0.259216 -5.36991 -1.73197 0.712067
seq10_02/frame-001050 -0.407722 0.756499 0.415097 -0.298609 -5.31364 -1.64355 0.666115
seq10_02/frame-001060 -0.437873 0.749583 0.415709 -0.271255 -5.26296 -1.5489 0.66992
seq10_02/frame-001070 -0.443264 0.734776 0.425314 -0.287627 -5.25937 -1.46104 0.647696
seq10_02/frame-001080 -0.44754 0.720894 0.442866 -0.289636 -5.25154 -1.33624 0.641317
seq10_02/frame-001090 -0.44345 0.708351 0.465086 -0.292038 -5.20318 -1.23922 0.663476
seq10_02/frame-001100 -0.423535 0.698398 0.48168 -0.317558 -5.18192 -1.19272 0.681183
seq10_02/frame-001110 -0.409197 0.681571 0.492155 -0.354685 -5.17184 -1.20875 0.737316
seq10_02/frame-001120 -0.407371 0.647594 0.509903 -0.393282 -5.2267 -1.29125 0.734571
seq10_02/frame-001130 -0.401648 0.647841 0.503367 -0.406944 -5.31255 -1.38971 0.639475
seq10_02/frame-001140 -0.412358 0.616862 0.533092 -0.406516 -5.34073 -1.40679 0.52323
seq10_02/frame-001150 -0.431304 0.617221 0.500577 -0.427127 -5.35487 -1.39914 0.425648
seq10_02/frame-001160 -0.498697 0.628447 0.48385 -0.349634 -5.35485 -1.33693 0.41062
seq10_02/frame-001170 0.557842 -0.669103 -0.409021 0.271693 -5.33185 -1.25643 0.425833
seq10_02/frame-001180 0.571629 -0.708807 -0.344888 0.227786 -5.32402 -1.2317 0.434164
seq10_02/frame-001190 0.578864 -0.738581 -0.289974 0.187961 -5.31767 -1.21327 0.432935
seq10_02/frame-001200 0.580815 -0.75906 -0.250938 0.153334 -5.30413 -1.19173 0.4352
seq10_02/frame-001210 0.572984 -0.774485 -0.227114 0.142409 -5.29265 -1.17787 0.441925
seq10_02/frame-001220 -0.476078 0.843393 0.222676 -0.111594 -5.28632 -1.14155 0.523353
seq10_02/frame-001230 -0.438764 0.865173 0.230735 -0.0756499 -5.27622 -1.13781 0.633365
seq10_02/frame-001240 -0.396022 0.880844 0.249588 -0.0706104 -5.27663 -1.12103 0.721212
seq10_02/frame-001250 -0.333548 0.884739 0.308563 -0.103788 -5.26958 -1.06479 0.834485
seq10_02/frame-001260 -0.281173 0.836724 0.440511 -0.163662 -5.28096 -0.995042 0.996922
seq10_02/frame-001270 -0.309124 0.812193 0.467373 -0.16232 -5.36089 -0.894724 1.06444
seq10_02/frame-001280 -0.256299 0.786893 0.527025 -0.193274 -5.45365 -0.833482 1.07123
seq10_02/frame-001290 -0.227987 0.721696 0.588927 -0.283446 -5.49047 -0.808855 1.09072
seq10_02/frame-001300 -0.223258 0.688883 0.63626 -0.266024 -5.42488 -0.666158 1.04815
seq10_02/frame-001310 -0.213865 0.664237 0.678477 -0.22961 -5.36532 -0.563994 0.985792
seq10_02/frame-001320 -0.21292 0.627305 0.707397 -0.246464 -5.34721 -0.526644 0.946388
seq10_02/frame-001330 -0.208835 0.686697 0.671787 -0.18313 -5.31492 -0.472284 0.898463
seq10_02/frame-001340 -0.200553 0.710867 0.64737 -0.188037 -5.29001 -0.459138 0.905877
seq10_02/frame-001350 -0.291593 0.689229 0.606052 -0.269513 -5.32366 -0.488166 0.999246
seq10_02/frame-001360 -0.317852 0.645338 0.621756 -0.309722 -5.38833 -0.52634 1.07377
seq10_02/frame-001370 -0.265642 0.623079 0.697984 -0.232433 -5.48574 -0.512636 1.08771
seq10_02/frame-001380 -0.245858 0.596547 0.72419 -0.24338 -5.55511 -0.46312 1.13691
seq10_02/frame-001390 -0.271776 0.622401 0.681426 -0.272788 -5.5174 -0.415987 1.23293
seq10_02/frame-001400 -0.261278 0.584203 0.71953 -0.26966 -5.45154 -0.341827 1.33606
seq10_02/frame-001410 -0.276057 0.467984 0.779732 -0.311128 -5.3611 -0.256779 1.38099
seq10_02/frame-001420 -0.281369 0.460755 0.761698 -0.358264 -5.2923 -0.199336 1.40565
seq10_02/frame-001430 -0.239091 0.405009 0.798177 -0.376452 -5.18729 -0.155061 1.38568
seq10_02/frame-001440 -0.224502 0.360386 0.784012 -0.452821 -5.10228 -0.0641652 1.44339
seq10_02/frame-001450 -0.232515 0.327246 0.78208 -0.476651 -5.086 -0.0308027 1.50026
seq10_02/frame-001460 -0.261654 0.418505 0.744718 -0.449208 -5.10694 -0.128379 1.49961
seq10_02/frame-001470 -0.313101 0.507537 0.669658 -0.442643 -5.09473 -0.325952 1.5382
seq10_02/frame-001480 -0.396728 0.52883 0.591237 -0.461935 -5.10737 -0.480222 1.5798
seq10_02/frame-001490 -0.454876 0.533824 0.515988 -0.491808 -5.18628 -0.644472 1.613
seq10_02/frame-001500 -0.475513 0.502541 0.534045 -0.485937 -5.23316 -0.83902 1.64044
seq10_02/frame-001510 0.510313 -0.589271 -0.478562 0.404129 -5.27537 -1.04225 1.64421
seq10_02/frame-001520 -0.489184 0.609512 0.47937 -0.399247 -5.34222 -1.07785 1.63188
seq10_02/frame-001530 -0.495385 0.589477 0.496942 -0.400198 -5.38006 -1.0766 1.6343
seq10_02/frame-001540 -0.478867 0.620459 0.468695 -0.407485 -5.38575 -1.09024 1.63925
seq10_02/frame-001550 -0.48957 0.615706 0.471937 -0.398124 -5.4034 -1.1259 1.6385
seq10_02/frame-001560 -0.489177 0.613941 0.477169 -0.395084 -5.41612 -1.16102 1.63647
seq10_02/frame-001570 -0.485333 0.610092 0.483632 -0.39792 -5.42701 -1.21465 1.63333
seq10_02/frame-001580 -0.480452 0.611094 0.478542 -0.408324 -5.43635 -1.26365 1.63451
seq10_02/frame-001590 -0.480786 0.623856 0.473737 -0.393982 -5.51551 -1.28597 1.63017
seq10_02/frame-001600 -0.478539 0.63205 0.47017 -0.387882 -5.53526 -1.30596 1.62662
seq10_02/frame-001610 -0.47429 0.620804 0.485295 -0.392606 -5.53938 -1.36775 1.63356
seq10_02/frame-001620 -0.469675 0.612153 0.494901 -0.399685 -5.49357 -1.46477 1.64476
seq10_02/frame-001630 -0.483374 0.619721 0.474928 -0.395904 -5.45824 -1.52126 1.65184
seq10_02/frame-001640 -0.481958 0.619018 0.477089 -0.39613 -5.45713 -1.54552 1.65399
seq10_02/frame-001650 -0.464759 0.611086 0.511433 -0.386016 -5.48559 -1.5884 1.63535
seq10_02/frame-001660 -0.452042 0.613651 0.532345 -0.368374 -5.49073 -1.60375 1.61532
seq10_02/frame-001670 -0.461899 0.622986 0.500939 -0.384184 -5.48662 -1.59046 1.62386
seq10_02/frame-001680 0.500294 -0.607125 -0.461859 0.409624 -5.50056 -1.58638 1.66933
seq10_02/frame-001690 -0.494752 0.603699 0.478991 -0.401668 -5.51222 -1.59584 1.6627
seq10_02/frame-001700 -0.382229 0.657538 0.559189 -0.329926 -5.54634 -1.59723 1.55991
seq10_02/frame-001710 -0.424446 0.702919 0.487615 -0.296615 -5.5249 -1.521 1.54605
seq10_02/frame-001720 -0.476931 0.698099 0.43902 -0.304067 -5.48969 -1.43297 1.57472
seq10_02/frame-001730 0.509325 -0.596916 -0.456852 0.419007 -5.47704 -1.38232 1.67721
seq10_02/frame-001740 0.506678 -0.529365 -0.464018 0.497733 -5.44635 -1.35776 1.7191
seq10_02/frame-001750 0.452489 -0.472962 -0.516456 0.552116 -5.40868 -1.34346 1.73058
seq10_02/frame-001760 0.472999 -0.478361 -0.503411 0.542235 -5.37367 -1.31561 1.72832
seq10_02/frame-001770 0.53293 -0.562715 -0.43301 0.46026 -5.35831 -1.23478 1.71337
seq10_02/frame-001780 0.577948 -0.643119 -0.355776 0.354679 -5.36724 -1.14963 1.70036
seq10_02/frame-001790 0.602642 -0.693542 -0.288056 0.269901 -5.39871 -1.07074 1.69227
seq10_02/frame-001800 0.56362 -0.732058 -0.292866 0.246278 -5.44058 -0.990947 1.66048
seq10_02/frame-001810 0.520784 -0.728654 -0.357782 0.264272 -5.45158 -0.862153 1.6382
seq10_02/frame-001820 -0.454944 0.710646 0.454931 -0.284688 -5.47506 -0.691158 1.61204
seq10_02/frame-001830 -0.422 0.7099 0.485992 -0.285954 -5.5794 -0.607064 1.56516
seq10_02/frame-001840 -0.38088 0.719093 0.508797 -0.281001 -5.71184 -0.548181 1.51198
seq10_02/frame-001850 -0.333377 0.699636 0.574382 -0.26354 -5.82434 -0.457992 1.43854
seq10_02/frame-001860 -0.274857 0.70131 0.600052 -0.269362 -5.92626 -0.42439 1.37074
seq10_02/frame-001870 -0.180826 0.726123 0.635683 -0.189615 -6.01928 -0.429922 1.3119
seq10_02/frame-001880 -0.195069 0.665279 0.691065 -0.204405 -6.01305 -0.406345 1.31721
seq10_02/frame-001890 -0.203382 0.558185 0.764158 -0.251251 -5.95706 -0.343493 1.32799
seq10_02/frame-001900 -0.227378 0.514651 0.773813 -0.29094 -5.94894 -0.308481 1.34295
seq10_02/frame-001910 -0.236409 0.531543 0.776864 -0.240946 -5.95345 -0.310488 1.34606
seq10_02/frame-001920 -0.270214 0.546849 0.762664 -0.215138 -5.94997 -0.315691 1.35178
seq10_02/frame-001930 -0.27511 0.53496 0.762022 -0.239697 -5.94045 -0.300032 1.35703
seq10_02/frame-001940 -0.315189 0.469425 0.755419 -0.331117 -5.92965 -0.265429 1.37442
seq10_02/frame-001950 -0.275886 0.410535 0.824911 -0.273624 -5.97816 -0.225551 1.33374
seq10_02/frame-001960 -0.307672 0.389245 0.823195 -0.276001 -6.01054 -0.211433 1.33927
seq10_02/frame-001970 -0.292745 0.404686 0.81785 -0.285746 -5.96905 -0.215838 1.38134
seq10_02/frame-001980 -0.2815 0.372844 0.835718 -0.288652 -5.94309 -0.201839 1.39274
seq10_02/frame-001990 -0.308428 0.365232 0.812764 -0.333005 -5.9194 -0.176199 1.4254
seq10_02/frame-002000 -0.286717 0.372229 0.803429 -0.365706 -5.90228 -0.174717 1.4296
seq10_02/frame-002010 -0.32112 0.4058 0.769498 -0.374275 -5.83074 -0.232924 1.45109
seq10_02/frame-002020 -0.250608 0.56619 0.748617 -0.237058 -5.82679 -0.359872 1.44606
seq10_02/frame-002030 -0.284209 0.718039 0.611817 -0.171244 -5.79372 -0.414444 1.49363
seq10_02/frame-002040 -0.31392 0.72389 0.585199 -0.187024 -5.74462 -0.381194 1.49599
seq10_02/frame-002050 -0.366853 0.622124 0.597085 -0.349098 -5.62073 -0.289302 1.51444
seq10_02/frame-002060 -0.340267 0.545019 0.633075 -0.431727 -5.50648 -0.165243 1.50622
seq10_02/frame-002070 -0.336719 0.55777 0.647702 -0.394961 -5.42062 -0.0405436 1.49352
seq10_02/frame-002080 -0.384483 0.614052 0.588315 -0.359164 -5.30738 0.110532 1.48934
seq10_02/frame-002090 -0.367268 0.584515 0.620225 -0.372528 -5.19843 0.21611 1.49477
seq10_02/frame-002100 -0.320398 0.518729 0.666103 -0.429619 -5.13555 0.320295 1.50244
seq10_02/frame-002110 -0.2813 0.44013 0.715863 -0.463354 -5.1016 0.436461 1.47645
seq10_02/frame-002120 -0.278578 0.428136 0.704973 -0.492044 -5.07641 0.520181 1.46785
seq10_02/frame-002130 -0.298287 0.44556 0.693588 -0.481081 -5.07321 0.534669 1.44284
seq10_02/frame-002140 -0.323302 0.45507 0.68569 -0.467136 -5.09704 0.576287 1.43889
seq10_02/frame-002150 -0.333015 0.442423 0.697896 -0.454209 -5.1683 0.673831 1.42654
seq10_02/frame-002160 -0.256301 0.433126 0.756865 -0.416973 -5.19786 0.711032 1.36424
seq10_02/frame-002170 -0.209897 0.417492 0.778566 -0.418903 -5.14136 0.639908 1.31121
seq10_02/frame-002180 -0.198721 0.398518 0.780725 -0.438362 -5.01319 0.514013 1.31002
seq10_02/frame-002190 -0.200077 0.39224 0.772342 -0.457825 -4.92991 0.451727 1.33691
seq10_02/frame-002200 -0.234911 0.417728 0.766354 -0.42781 -4.9461 0.467292 1.319
seq10_02/frame-002210 -0.248136 0.502709 0.743724 -0.364124 -4.99276 0.562349 1.2864
seq10_02/frame-002220 -0.246512 0.548484 0.724257 -0.337416 -4.99862 0.618341 1.27059
seq10_02/frame-002230 -0.207574 0.511277 0.751278 -0.362062 -4.98908 0.6071 1.27965
seq10_02/frame-002240 -0.154666 0.361207 0.829538 -0.396831 -4.92871 0.460489 1.31067
seq10_02/frame-002250 -0.131287 0.367566 0.854737 -0.342176 -4.97331 0.331334 1.31005
seq10_02/frame-002260 -0.0926142 0.327569 0.889198 -0.305693 -5.07886 0.160313 1.31544
seq10_02/frame-002270 -0.0793698 0.344827 0.909998 -0.216101 -5.23728 -0.0591004 1.28612
seq10_02/frame-002280 -0.0495859 0.354574 0.923892 -0.135059 -5.32697 -0.245639 1.20959
seq10_02/frame-002290 -0.0502672 0.390115 0.914783 -0.0919546 -5.37228 -0.375718 1.1406
seq10_02/frame-002300 -0.050721 0.403215 0.908846 -0.0940495 -5.37181 -0.40376 1.11714
seq10_02/frame-002310 -0.0580516 0.409474 0.897992 -0.150238 -5.35806 -0.291937 1.14094
seq10_02/frame-002320 -0.093988 0.432484 0.867495 -0.227107 -5.36109 -0.0796001 1.13966
seq10_02/frame-002330 -0.184724 0.448016 0.808319 -0.334333 -5.40942 0.0523477 1.05542
seq10_02/frame-002340 -0.23498 0.458345 0.749784 -0.415365 -5.45843 0.0740396 0.894624
seq10_02/frame-002350 -0.274163 0.480799 0.718901 -0.420533 -5.49683 0.0945735 0.808435
seq10_02/frame-002360 -0.346026 0.520654 0.646896 -0.436704 -5.51267 0.178805 0.757293
seq10_02/frame-002370 -0.376822 0.561251 0.603418 -0.422955 -5.53082 0.252717 0.739322
seq10_02/frame-002380 -0.382266 0.560235 0.596351 -0.429388 -5.52402 0.269856 0.737504
seq10_02/frame-002390 -0.3584 0.614571 0.58368 -0.391367 -5.5139 0.300082 0.729277
seq10_02/frame-002400 -0.320821 0.665893 0.604315 -0.297427 -5.4864 0.315168 0.68503
seq10_02/frame-002410 -0.336397 0.67698 0.596468 -0.269743 -5.47407 0.333865 0.678206
seq10_02/frame-002420 -0.499419 0.579527 0.46182 -0.448833 -5.4163 0.321418 0.765515
seq10_02/frame-002430 0.554685 -0.539468 -0.439223 0.45649 -5.40483 0.288622 0.78561
seq10_02/frame-002440 0.552827 -0.544634 -0.438905 0.4529 -5.40985 0.285859 0.785899
seq10_02/frame-002450 0.55639 -0.545864 -0.431571 0.454103 -5.41381 0.288698 0.785284
seq10_02/frame-002460 0.563313 -0.536848 -0.415656 0.470855 -5.40454 0.291606 0.784341
seq10_02/frame-002470 0.5312 -0.489293 -0.434162 0.538445 -5.38725 0.283745 0.798079
seq10_02/frame-002480 0.55989 -0.472716 -0.421177 0.534483 -5.37689 0.280004 0.805553
seq10_02/frame-002490 0.561583 -0.59081 -0.397863 0.421038 -5.4081 0.30652 0.789895
seq10_02/frame-002500 -0.463258 0.551232 0.507402 -0.473369 -5.41828 0.290843 0.781166
seq10_02/frame-002510 -0.359032 0.49299 0.568337 -0.552314 -5.429 0.333067 0.789477
seq10_02/frame-002520 -0.37809 0.572757 0.582718 -0.435245 -5.43858 0.374691 0.752887
seq10_02/frame-002530 -0.336366 0.701455 0.584397 -0.230866 -5.41957 0.392692 0.687165
seq10_02/frame-002540 -0.355546 0.713708 0.553948 -0.239477 -5.40327 0.39116 0.69599
seq10_02/frame-002550 -0.355663 0.726824 0.531072 -0.251383 -5.39544 0.390061 0.701428
seq10_02/frame-002560 -0.34975 0.732512 0.526193 -0.253421 -5.3981 0.394078 0.700915
seq10_02/frame-002570 -0.362003 0.749148 0.496164 -0.248101 -5.39311 0.411223 0.705159
seq10_02/frame-002580 -0.409367 0.770243 0.429847 -0.233186 -5.38735 0.433074 0.711479
seq10_02/frame-002590 -0.409084 0.771724 0.424912 -0.237787 -5.38559 0.445789 0.714373
seq10_02/frame-002600 -0.462785 0.700662 0.447005 -0.308364 -5.39923 0.393511 0.750749
seq10_02/frame-002610 0.539181 -0.670891 -0.395302 0.32082 -5.43922 0.244969 0.81816
seq10_02/frame-002620 0.57001 -0.685481 -0.36335 0.270518 -5.44882 0.1934 0.82158
seq10_02/frame-002630 0.546043 -0.693213 -0.386096 0.268743 -5.45443 0.190931 0.818131
seq10_02/frame-002640 0.537812 -0.686288 -0.39849 0.284559 -5.45687 0.205035 0.822204
seq10_02/frame-002650 0.525307 -0.653515 -0.455539 0.299093 -5.45477 0.267689 0.794384
seq10_02/frame-002660 -0.429697 0.736187 0.474237 -0.2202 -5.42647 0.463633 0.739643
seq10_02/frame-002670 -0.375013 0.79067 0.444961 -0.190309 -5.3931 0.562155 0.744169
seq10_02/frame-002680 -0.364579 0.77734 0.470303 -0.20406 -5.38326 0.572178 0.745209
seq10_02/frame-002690 -0.365501 0.775366 0.462688 -0.226131 -5.38126 0.57205 0.750298
seq10_02/frame-002700 -0.37505 0.775798 0.449716 -0.235011 -5.38199 0.571231 0.755235
seq10_02/frame-002710 -0.385568 0.777619 0.437315 -0.235376 -5.3771 0.568465 0.760317
seq10_02/frame-002720 -0.400981 0.775779 0.428015 -0.232778 -5.37297 0.565892 0.763579
seq10_02/frame-002730 -0.405905 0.772947 0.426704 -0.236045 -5.37317 0.567996 0.764237
seq10_02/frame-002740 -0.410676 0.771508 0.423138 -0.238903 -5.37208 0.570102 0.765242
seq10_02/frame-002750 -0.411613 0.773195 0.420412 -0.23664 -5.37258 0.573617 0.764305
seq10_02/frame-002760 -0.419103 0.770706 0.415968 -0.239447 -5.37242 0.575294 0.763431
seq10_02/frame-002770 -0.421695 0.769391 0.414722 -0.24128 -5.37279 0.57419 0.763885
seq10_02/frame-002780 -0.424176 0.770161 0.410919 -0.240981 -5.37223 0.574826 0.76443
seq10_02/frame-002790 -0.424928 0.76996 0.411082 -0.240021 -5.37214 0.574281 0.765319
seq10_02/frame-002800 -0.399093 0.794519 0.404365 -0.214365 -5.37372 0.577394 0.766496
seq10_02/frame-002810 -0.241589 0.836942 0.457382 -0.178791 -5.37598 0.556556 0.763065
seq10_02/frame-002820 -0.196698 0.86025 0.445285 -0.151659 -5.36471 0.540676 0.766237
seq10_02/frame-002830 -0.457323 0.764107 0.381884 -0.24731 -5.32653 0.522797 0.803281
seq10_02/frame-002840 -0.480492 0.740998 0.364586 -0.295172 -5.32448 0.587701 0.815336
seq10_02/frame-002850 0.50132 -0.67881 -0.418498 0.335793 -5.30939 0.737757 0.823729
seq10_02/frame-002860 -0.383658 0.607997 0.526402 -0.453924 -5.3057 0.942845 0.789203
seq10_02/frame-002870 -0.359946 0.610719 0.572054 -0.412572 -5.31236 1.08893 0.84129
seq10_02/frame-002880 -0.32414 0.598106 0.613691 -0.400733 -5.32142 1.17278 0.920268
seq10_02/frame-002890 -0.335129 0.5475 0.646089 -0.412918 -5.32301 1.21032 0.98422
seq10_02/frame-002900 -0.366303 0.566798 0.60755 -0.41886 -5.31529 1.21169 1.01174
seq10_02/frame-002910 -0.335827 0.80819 0.43403 -0.213701 -5.28546 1.14461 1.02727
seq10_02/frame-002920 -0.358591 0.89793 0.240691 -0.0848663 -5.18041 0.902931 1.16867
seq10_02/frame-002930 -0.360163 0.898154 0.238717 -0.0813449 -5.11535 0.66227 1.29325
seq10_02/frame-002940 -0.343766 0.899624 0.258412 -0.0756674 -5.06126 0.424227 1.3565
seq10_02/frame-002950 -0.351961 0.901144 0.244767 -0.0644425 -5.07278 0.224578 1.39522
seq10_02/frame-002960 -0.310439 0.921032 0.222292 -0.0769073 -5.14612 0.0128479 1.40308
seq10_02/frame-002970 -0.38401 0.914417 0.127145 -0.0145451 -5.12193 -0.0184834 1.43896
seq10_02/frame-002980 -0.458918 0.887182 0.0407261 0.0253502 -5.15437 0.0209876 1.46541
seq10_02/frame-002990 -0.454628 0.883934 0.109387 -0.00308346 -5.25362 0.169415 1.44322
seq10_02/frame-003000 -0.457854 0.875353 0.15012 -0.0398817 -5.35231 0.298065 1.45247
seq10_02/frame-003010 -0.481612 0.873234 0.0734344 -0.0109332 -5.40356 0.410485 1.46134
seq10_02/frame-003020 -0.428485 0.89237 -0.0883108 0.110807 -5.34139 0.491485 1.43006
seq10_02/frame-003030 -0.402272 0.874915 -0.214526 0.163339 -5.23991 0.487249 1.42447
seq10_02/frame-003040 -0.361805 0.87084 -0.270325 0.194056 -5.17483 0.452347 1.42858
seq10_02/frame-003050 -0.340605 0.867495 -0.298162 0.20625 -5.21595 0.380353 1.41925
seq10_02/frame-003060 -0.32521 0.913724 -0.208704 0.125654 -5.31878 0.366365 1.40813
seq10_02/frame-003070 -0.304048 0.80179 -0.436951 0.271591 -5.20909 0.226459 1.42706
seq10_02/frame-003080 -0.297207 0.692547 -0.556325 0.350071 -5.16059 0.183446 1.45261
seq10_02/frame-003090 0.265846 -0.572393 0.669132 -0.39237 -5.09927 0.293973 1.44579
seq10_02/frame-003100 0.293554 -0.591561 0.654745 -0.367684 -5.04552 0.408505 1.45475
seq10_02/frame-003110 0.215045 -0.498815 0.713989 -0.441767 -4.85059 0.506587 1.45478
seq10_02/frame-003120 0.134192 -0.40342 0.762526 -0.487646 -4.69475 0.551482 1.44159
seq10_02/frame-003130 0.0932649 -0.271544 0.822335 -0.491254 -4.56485 0.64691 1.43749
seq10_02/frame-003140 0.0723904 -0.284624 0.821636 -0.488531 -4.36648 0.687172 1.4242
seq10_02/frame-003150 0.218064 -0.501728 0.711881 -0.44039 -4.09992 0.832808 1.46613
seq10_02/frame-003160 -0.289966 0.640268 -0.605371 0.373501 -4.06218 0.957993 1.46525
seq10_02/frame-003170 -0.34094 0.736649 -0.497154 0.306507 -4.11489 1.0378 1.45134
seq10_02/frame-003180 -0.370716 0.815383 -0.372883 0.242235 -4.20282 1.07358 1.43552
seq10_02/frame-003190 -0.381423 0.871781 -0.246195 0.184126 -4.30528 1.11103 1.41531
seq10_02/frame-003200 -0.39665 0.888054 -0.182059 0.144509 -4.44644 1.108 1.42568
seq10_02/frame-003210 -0.384178 0.904489 -0.137508 0.124088 -4.56318 1.08 1.39697
seq10_02/frame-003220 -0.357396 0.924222 -0.097282 0.0928356 -4.54324 1.04856 1.36677
seq10_02/frame-003230 -0.375787 0.915003 0.144852 -0.0239252 -4.63798 1.00058 1.38612
seq10_02/frame-003240 -0.373948 0.899865 0.218975 -0.0495702 -4.65577 0.976439 1.38363
seq10_02/frame-003250 -0.372726 0.882095 0.283775 -0.049552 -4.66718 1.00921 1.37948
seq10_02/frame-003260 -0.353534 0.884144 0.297727 -0.0682814 -4.71986 1.15815 1.35897
seq10_02/frame-003270 -0.340006 0.889337 0.302175 -0.0465568 -4.74096 1.28255 1.33699
seq10_02/frame-003280 -0.310851 0.874438 0.363271 -0.0822451 -4.68792 1.41544 1.30471
seq10_02/frame-003290 -0.310117 0.791322 0.511755 -0.125472 -4.57436 1.54615 1.30722
seq10_02/frame-003300 -0.298827 0.769181 0.542547 -0.15718 -4.39624 1.54499 1.30233
seq10_02/frame-003310 -0.279223 0.706987 0.611311 -0.220235 -4.28425 1.51424 1.32074
seq10_02/frame-003320 -0.267073 0.674632 0.645077 -0.239625 -4.28148 1.57275 1.31005
seq10_02/frame-003330 -0.277342 0.626607 0.68946 -0.23471 -4.33635 1.69032 1.28181
seq10_02/frame-003340 -0.255039 0.648471 0.687023 -0.206012 -4.42106 1.73975 1.24682
seq10_02/frame-003350 -0.242545 0.68073 0.665397 -0.18715 -4.46323 1.75883 1.21671
seq10_02/frame-003360 -0.229092 0.68805 0.660938 -0.193042 -4.48621 1.75412 1.1969
seq10_02/frame-003370 -0.224819 0.639247 0.682585 -0.273674 -4.44275 1.80379 1.18809
seq10_02/frame-003380 -0.232859 0.621875 0.681326 -0.307968 -4.38274 1.85663 1.19065
seq10_02/frame-003390 -0.232148 0.616042 0.681911 -0.31874 -4.36682 1.86284 1.19206
seq10_02/frame-003400 -0.241025 0.622615 0.681823 -0.298954 -4.38942 1.84401 1.19318
seq10_02/frame-003410 -0.245168 0.65014 0.673298 -0.252744 -4.42264 1.82734 1.17403
seq10_02/frame-003420 -0.254491 0.670722 0.653437 -0.241632 -4.4864 1.82118 1.18033
seq10_02/frame-003430 -0.257103 0.67237 0.649325 -0.245342 -4.60339 1.84435 1.17566
seq10_02/frame-003440 -0.244628 0.665426 0.663835 -0.238095 -4.737 1.88187 1.1612
seq10_02/frame-003450 -0.259847 0.673854 0.661096 -0.203349 -4.92412 1.92898 1.1393
seq10_02/frame-003460 -0.249891 0.678155 0.665421 -0.186747 -5.10347 1.973 1.15159
seq10_02/frame-003470 -0.196778 0.581775 0.7681 -0.181212 -5.24634 2.07669 1.12789
seq10_02/frame-003480 -0.142747 0.457913 0.868301 -0.126458 -5.34301 2.22914 1.06928
seq10_02/frame-003490 -0.153246 0.482965 0.849213 -0.148656 -5.34477 2.2451 1.06444
seq10_02/frame-003500 -0.385123 0.666179 0.590747 -0.242704 -5.30679 2.09609 1.25366
seq10_02/frame-003510 -0.47364 0.644044 0.475898 -0.366599 -5.16014 1.77233 1.44125
seq10_02/frame-003520 0.529704 -0.59098 -0.452369 0.406838 -5.07262 1.65084 1.52836
seq10_02/frame-003530 0.586786 -0.538601 -0.406452 0.447647 -5.0012 1.63841 1.59453
seq10_02/frame-003540 0.571796 -0.486521 -0.402067 0.524108 -4.92922 1.60798 1.65141
seq10_02/frame-003550 0.489347 -0.416333 -0.507477 0.574172 -4.89204 1.52352 1.64286
seq10_02/frame-003560 -0.42457 0.427386 0.57878 -0.549632 -4.89998 1.46866 1.59554
seq10_02/frame-003570 -0.349619 0.396993 0.640557 -0.556642 -4.90704 1.42328 1.56378
seq10_02/frame-003580 -0.28469 0.277597 0.654693 -0.64286 -4.85257 1.37533 1.57422
seq10_02/frame-003590 0.358562 -0.269483 -0.526659 0.72211 -4.81116 1.42899 1.59403
seq10_02/frame-003600 0.460578 -0.330169 -0.466276 0.679296 -4.81962 1.47764 1.60598
seq10_02/frame-003610 0.552119 -0.384633 -0.397674 0.62376 -4.81565 1.5324 1.62342
seq10_02/frame-003620 0.633 -0.455584 -0.331733 0.530761 -4.81524 1.59235 1.62674
seq10_02/frame-003630 0.684893 -0.520811 -0.281465 0.4248 -4.80906 1.6541 1.62478
seq10_02/frame-003640 0.678139 -0.573511 -0.290046 0.356492 -4.83601 1.70473 1.61045
seq10_02/frame-003650 0.656405 -0.633607 -0.300951 0.277675 -4.87926 1.6922 1.58058
seq10_02/frame-003660 0.612005 -0.724377 -0.251361 0.193766 -4.9292 1.65072 1.53391
seq10_02/frame-003670 0.563148 -0.757987 -0.264764 0.195499 -4.97472 1.59116 1.51211
seq10_02/frame-003680 0.540352 -0.754725 -0.312718 0.20154 -5.01777 1.55915 1.49368
seq10_02/frame-003690 0.539915 -0.732468 -0.348112 0.225388 -5.02802 1.5933 1.42786
seq10_02/frame-003700 0.525336 -0.732101 -0.349619 0.256547 -4.92944 1.75676 1.32351
seq10_02/frame-003710 -0.497238 0.684989 0.426322 -0.319053 -4.86458 1.9075 1.25684
seq10_02/frame-003720 -0.455455 0.627195 0.507791 -0.375945 -4.97928 1.83437 1.24865
seq10_02/frame-003730 -0.417751 0.639703 0.523477 -0.37714 -5.0628 1.70371 1.2363
seq10_02/frame-003740 -0.406916 0.65189 0.525281 -0.365429 -5.09612 1.59855 1.23038
seq10_02/frame-003750 -0.378269 0.630617 0.548267 -0.398295 -5.11821 1.51189 1.25472
seq10_02/frame-003760 -0.365728 0.550883 0.570597 -0.487022 -5.10096 1.43069 1.349
seq10_02/frame-003770 -0.461171 0.643766 0.519734 -0.32057 -5.07803 1.44789 1.3874
seq10_02/frame-003780 -0.373909 0.706451 0.527923 -0.287081 -5.12278 1.50049 1.50032
seq10_02/frame-003790 -0.364344 0.646857 0.570392 -0.351404 -5.20205 1.52357 1.55563
seq10_02/frame-003800 -0.302511 0.512071 0.675715 -0.435521 -5.22394 1.48829 1.55023
seq10_02/frame-003810 -0.294886 0.473252 0.684688 -0.469336 -5.21451 1.49495 1.54283
seq10_02/frame-003820 -0.370749 0.608593 0.61311 -0.340963 -5.17776 1.56143 1.516
seq10_02/frame-003830 -0.235255 0.454765 0.72734 -0.456968 -5.12274 1.39816 1.49484
seq10_02/frame-003840 -0.195461 0.389163 0.769925 -0.466436 -5.10783 1.27628 1.48988
seq10_02/frame-003850 -0.187369 0.376231 0.778227 -0.46659 -5.12117 1.28178 1.48368
seq10_02/frame-003860 -0.180639 0.374469 0.786333 -0.456972 -5.15877 1.38305 1.47046
seq10_02/frame-003870 -0.223684 0.318405 0.792802 -0.469096 -5.21673 1.51111 1.4146
seq10_02/frame-003880 -0.160703 0.25404 0.822096 -0.483525 -5.31847 1.64953 1.321
seq10_02/frame-003890 -0.158445 0.22453 0.825458 -0.493053 -5.36679 1.70248 1.27415
seq10_02/frame-003900 -0.179658 0.242739 0.810342 -0.502142 -5.39975 1.71838 1.24725
seq10_02/frame-003910 -0.192968 0.268028 0.811226 -0.482532 -5.42494 1.67374 1.25571
seq10_02/frame-003920 -0.0887067 0.164835 0.835349 -0.516868 -5.60501 1.70727 1.17222
seq10_02/frame-003930 -0.096483 0.102163 0.860182 -0.490246 -5.77136 1.74595 1.05304
seq10_02/frame-003940 -0.104644 0.124588 0.823122 -0.544057 -5.81162 1.73917 1.04976
seq10_02/frame-003950 -0.106165 0.122578 0.825172 -0.541105 -5.81788 1.73125 1.037
seq10_02/frame-003960 -0.109968 0.142868 0.826218 -0.533722 -5.82086 1.73089 1.03034
seq10_02/frame-003970 -0.116418 0.187855 0.829864 -0.512331 -5.75735 1.68324 1.12101
seq10_02/frame-003980 -0.1295 0.18709 0.813832 -0.5347 -5.69007 1.58997 1.22069
seq10_02/frame-003990 -0.10355 0.163497 0.812214 -0.550322 -5.71614 1.51721 1.20357
seq10_02/frame-004000 -0.0421442 0.0363615 0.837162 -0.544116 -5.88732 1.42556 1.12512
seq10_02/frame-004010 -0.0535554 0.0670598 0.858363 -0.505813 -5.97697 1.3267 1.09126
seq10_02/frame-004020 -0.0561711 0.0379877 0.857541 -0.509928 -6.00065 1.14418 0.988098
seq10_02/frame-004030 -0.0637639 0.0576815 0.879387 -0.468279 -6.09069 0.868145 0.779932
seq10_02/frame-004040 -0.125013 0.0482143 0.872043 -0.470731 -6.18894 0.728919 0.677701
seq10_02/frame-004050 -0.0425452 0.066976 0.869059 -0.488303 -6.20228 0.677604 0.690052
seq10_02/frame-004060 0.0111104 0.00397569 0.903112 -0.429242 -5.98475 0.704723 0.875314
seq10_02/frame-004070 0.0524805 -0.152269 0.902947 -0.39843 -5.69667 0.806326 1.07367
seq10_02/frame-004080 0.108583 -0.306164 0.866599 -0.378787 -5.47399 0.961839 1.23423
seq10_02/frame-004090 0.204837 -0.525719 0.758728 -0.325567 -5.3725 1.12951 1.32497
seq10_02/frame-004100 -0.288633 0.709257 -0.573716 0.290684 -5.39528 1.28619 1.37304
seq10_02/frame-004110 -0.38149 0.812169 -0.381487 0.222066 -5.47953 1.50528 1.40446
seq10_02/frame-004120 -0.398852 0.835362 -0.326599 0.190845 -5.50911 1.60929 1.41516
seq10_02/frame-004130 -0.354998 0.832105 -0.364925 0.220018 -5.39202 1.56964 1.40159
seq10_02/frame-004140 -0.29896 0.889078 -0.283625 0.199299 -5.20016 1.47923 1.37711
seq10_02/frame-004150 -0.308906 0.920477 -0.186507 0.150049 -5.04702 1.48774 1.36421
seq10_02/frame-004160 -0.259739 0.95207 -0.100832 0.126218 -4.91181 1.58245 1.31433
seq10_02/frame-004170 -0.240369 0.9564 -0.113838 0.12067 -4.81711 1.71997 1.25871
seq10_02/frame-004180 -0.216957 0.968843 -0.0595756 0.103557 -4.80792 1.83039 1.19112
seq10_02/frame-004190 -0.181304 0.967902 -0.0865044 0.151037 -4.86701 1.88096 1.1263
seq10_02/frame-004200 -0.176601 0.967408 -0.116086 0.139494 -4.93331 1.86804 1.11637
seq10_02/frame-004210 -0.222929 0.948739 -0.134838 0.178933 -5.02065 1.84685 1.11131
seq10_02/frame-004220 -0.244972 0.944555 -0.119335 0.183204 -5.04486 1.84565 1.11922
seq10_02/frame-004230 -0.265288 0.955958 -0.104506 0.0696017 -4.95406 1.84073 1.20927
seq10_02/frame-004240 -0.314397 0.937364 -0.13673 0.0617162 -4.66476 1.74049 1.33314
seq10_02/frame-004250 -0.322245 0.922148 -0.174745 0.123557 -4.35003 1.61168 1.38614
seq10_02/frame-004260 -0.322636 0.90569 -0.228902 0.152433 -4.0486 1.56919 1.3966
seq10_02/frame-004270 -0.2841 0.912488 -0.252896 0.150653 -3.75521 1.58407 1.36337
seq10_02/frame-004280 -0.303701 0.930998 -0.17411 0.103411 -3.5359 1.53092 1.33918
seq10_02/frame-004290 -0.28448 0.952452 -0.0932289 0.0566934 -3.38249 1.48478 1.31207
seq10_02/frame-004300 -0.27879 0.957955 0.0329968 0.0592436 -3.25114 1.48021 1.27763
seq10_02/frame-004310 -0.256936 0.954528 0.15084 0.010388 -3.17788 1.49856 1.26012
seq10_02/frame-004320 -0.302011 0.918073 0.253563 -0.0404582 -3.12666 1.54065 1.29888
seq10_02/frame-004330 -0.248997 0.908724 0.327161 -0.0720214 -3.15028 1.68557 1.28322
seq10_02/frame-004340 -0.258888 0.870641 0.407735 -0.093343 -3.30047 1.90308 1.26356
seq10_02/frame-004350 -0.22509 0.8498 0.470641 -0.0753071 -3.38433 2.03001 1.2144
seq10_02/frame-004360 -0.211717 0.772418 0.584118 -0.131726 -3.43875 2.19422 1.15327
seq10_02/frame-004370 -0.163341 0.737922 0.637492 -0.149645 -3.44373 2.25587 1.13196
seq10_02/frame-004380 -0.1701 0.754843 0.621514 -0.122471 -3.42854 2.26794 1.14017
seq10_02/frame-004390 -0.192971 0.761599 0.611168 -0.095932 -3.42271 2.21921 1.15225
seq10_02/frame-004400 -0.189253 0.737904 0.638012 -0.112351 -3.43157 2.17631 1.16859
seq10_02/frame-004410 -0.130097 0.735538 0.659434 -0.0848887 -3.49032 2.20339 1.17863
seq10_02/frame-004420 -0.12924 0.72483 0.668418 -0.10553 -3.58801 2.26685 1.20346
seq10_02/frame-004430 -0.163001 0.702412 0.671123 -0.172167 -3.71405 2.38897 1.24039
seq10_02/frame-004440 -0.181522 0.704956 0.656584 -0.19744 -3.7673 2.44167 1.25177
seq10_02/frame-004450 -0.209758 0.698444 0.63994 -0.242185 -3.78859 2.4609 1.27128
seq10_02/frame-004460 -0.19356 0.668446 0.662372 -0.277448 -3.78472 2.46088 1.2823
seq10_02/frame-004470 -0.217646 0.55166 0.770631 -0.233301 -3.76804 2.52885 1.27524
seq10_02/frame-004480 -0.24189 0.52726 0.779181 -0.237411 -3.72285 2.64073 1.25542
seq10_02/frame-004490 -0.208969 0.532862 0.780987 -0.249899 -3.67926 2.60571 1.17838
seq10_02/frame-004500 -0.17278 0.468578 0.838024 -0.219764 -3.75218 2.52454 0.9226
seq10_02/frame-004510 -0.0954527 0.298755 0.902904 -0.293934 -3.78505 2.46328 0.710756
seq10_02/frame-004520 -0.0357759 0.181253 0.907099 -0.378206 -3.76407 2.44839 0.677073
seq10_02/frame-004530 -0.146351 0.374982 0.836895 -0.370914 -3.82325 2.50848 0.767128
seq10_02/frame-004540 -0.226188 0.503032 0.760168 -0.343427 -3.85821 2.54892 0.799462
seq10_02/frame-004550 -0.221559 0.518367 0.745883 -0.354776 -3.85135 2.56336 0.833187
seq10_02/frame-004560 -0.252857 0.502481 0.721844 -0.403134 -3.81008 2.56926 0.987727
seq10_02/frame-004570 -0.346841 0.632029 0.611276 -0.326467 -3.675 2.59435 1.2499
seq10_02/frame-004580 -0.402565 0.678972 0.5255 -0.317471 -3.54308 2.54105 1.37587
seq10_02/frame-004590 -0.381741 0.680945 0.533117 -0.326151 -3.50666 2.53207 1.41645
seq10_02/frame-004600 -0.399076 0.690545 0.51158 -0.319643 -3.51326 2.5504 1.44387
seq10_02/frame-004610 0.517428 -0.657203 -0.421872 0.349823 -3.5038 2.52092 1.48482
seq10_02/frame-004620 0.502329 -0.712438 -0.377863 0.311957 -3.54195 2.35508 1.49154
seq10_02/frame-004630 0.518806 -0.721802 -0.366105 0.275334 -3.56754 2.2587 1.50119
seq10_02/frame-004640 0.51788 -0.711465 -0.374548 0.292116 -3.59171 2.24037 1.50956
seq10_02/frame-004650 0.528701 -0.709896 -0.363513 0.290483 -3.58995 2.26137 1.51303
seq10_02/frame-004660 0.533995 -0.708403 -0.359996 0.28882 -3.59412 2.25974 1.51624
seq10_02/frame-004670 -0.425485 0.656238 0.486842 -0.38897 -3.60156 2.20283 1.52091
seq10_02/frame-004680 -0.426269 0.613512 0.524539 -0.408358 -3.59731 2.15294 1.52567
seq10_02/frame-004690 0.551198 -0.556836 -0.402517 0.473386 -3.55303 2.17192 1.56127
seq10_02/frame-004700 0.622782 -0.509459 -0.3483 0.480917 -3.52482 2.16497 1.60347
seq10_02/frame-004710 0.584695 -0.476003 -0.33556 0.564758 -3.50744 2.03418 1.64875
seq10_02/frame-004720 0.531999 -0.424465 -0.387482 0.621823 -3.51366 1.91215 1.67607
seq10_02/frame-004730 0.485298 -0.3823 -0.437688 0.65327 -3.5251 1.86838 1.68151
seq10_02/frame-004740 0.417995 -0.333285 -0.488308 0.689751 -3.52501 1.84157 1.68186
seq10_02/frame-004750 0.325655 -0.255312 -0.523537 0.744764 -3.48639 1.79556 1.68696
seq10_02/frame-004760 0.293978 -0.243121 -0.552312 0.741229 -3.47502 1.76665 1.68069
seq10_02/frame-004770 0.290693 -0.250015 -0.558056 0.73591 -3.47943 1.78165 1.68103
seq10_02/frame-004780 0.245541 -0.205051 -0.583134 0.746739 -3.46419 1.77136 1.67746
seq10_02/frame-004790 0.127736 -0.131689 -0.650697 0.736841 -3.43809 1.75469 1.65285
seq10_02/frame-004800 -0.290838 0.345076 0.683442 -0.573797 -3.51177 1.82287 1.59475
seq10_02/frame-004810 -0.491503 0.688375 0.410123 -0.34112 -3.50672 1.87048 1.52749
seq10_02/frame-004820 0.532892 -0.794649 -0.240943 0.162807 -3.42534 1.81106 1.52205
seq10_02/frame-004830 0.564426 -0.813852 -0.123893 0.060985 -3.32907 1.78817 1.51933
seq10_02/frame-004840 0.730869 -0.663817 -0.115797 0.108485 -3.39095 1.61834 1.61818
seq10_02/frame-004850 0.736377 -0.62929 -0.144812 0.201921 -3.57115 1.50274 1.66138
seq10_02/frame-004860 0.731122 -0.665832 -0.101939 0.10834 -3.56743 1.4755 1.64472
seq10_02/frame-004870 0.6773 -0.730187 0.0676786 -0.0592461 -3.38402 1.43151 1.6014
seq10_02/frame-004880 0.609862 -0.781713 0.109363 -0.0709336 -3.32835 1.39856 1.55734
seq10_02/frame-004890 0.558079 -0.825949 0.0671366 -0.0429959 -3.39092 1.39211 1.54272
seq10_02/frame-004900 -0.48024 0.872874 -0.0711565 0.0489572 -3.48051 1.43595 1.51853
seq10_02/frame-004910 -0.460755 0.883031 -0.0656115 0.060459 -3.56941 1.44816 1.51083
seq10_02/frame-004920 -0.492497 0.860967 -0.0963777 0.083027 -3.63646 1.46173 1.5187
seq10_02/frame-004930 -0.474141 0.864215 -0.126793 0.110663 -3.70361 1.55333 1.50441
seq10_02/frame-004940 -0.437819 0.876571 -0.157792 0.122634 -3.77472 1.73187 1.48122
seq10_02/frame-004950 -0.425085 0.883801 -0.141827 0.134469 -3.93766 1.87009 1.47464
seq10_02/frame-004960 -0.422329 0.869857 -0.205938 0.150256 -4.10484 1.90228 1.48711
seq10_02/frame-004970 -0.403395 0.912346 -0.0697493 0.00580674 -4.16143 1.89434 1.47871
seq10_02/frame-004980 -0.470036 0.881718 0.00788841 -0.0397172 -4.08919 1.77469 1.50671
seq10_02/frame-004990 -0.474453 0.878485 -0.0417554 0.037619 -3.86321 1.6263 1.50416
seq10_02/frame-005000 -0.454055 0.885491 -0.088504 0.0436725 -3.64903 1.58132 1.4981
seq10_02/frame-005010 -0.495483 0.867438 -0.0323986 0.0315937 -3.48293 1.62833 1.50215
seq10_02/frame-005020 -0.47796 0.876834 0.0462189 -0.0240558 -3.30401 1.70014 1.48839
seq10_02/frame-005030 -0.449347 0.876879 0.159954 -0.059886 -3.12203 1.74878 1.47681
seq10_02/frame-005040 -0.417172 0.880322 0.212347 -0.0768647 -2.94167 1.76939 1.41317
seq10_02/frame-005050 -0.40685 0.866886 0.272089 -0.0945984 -2.88183 1.8031 1.34634
seq10_02/frame-005060 -0.351306 0.890764 0.281912 -0.0604056 -2.8763 1.87876 1.27216
seq10_02/frame-005070 -0.321166 0.907899 0.266228 -0.0411671 -2.88209 2.00331 1.1739
seq10_02/frame-005080 -0.289884 0.929152 0.227099 -0.0327018 -2.88929 2.10123 1.12589
seq10_02/frame-005090 -0.267872 0.913391 0.29346 -0.0885554 -2.88706 2.14832 1.13627
seq10_02/frame-005100 -0.256448 0.908792 0.315654 -0.0932323 -2.86235 2.2106 1.10087
seq10_02/frame-005110 -0.25501 0.910267 0.313521 -0.0899412 -2.84628 2.22461 1.08916
seq10_02/frame-005120 -0.287489 0.901396 0.303264 -0.113432 -2.80634 2.16788 1.2118
seq10_02/frame-005130 -0.307648 0.902253 0.295603 -0.0625433 -2.81524 2.06339 1.29752
seq10_02/frame-005140 -0.30553 0.903076 0.294536 -0.0659848 -2.84317 1.89992 1.33682
seq10_02/frame-005150 -0.374914 0.888645 0.262114 -0.0323108 -2.82226 1.83717 1.3775
seq10_02/frame-005160 -0.3837 0.879371 0.274246 -0.0653424 -2.76738 1.81388 1.38623
seq10_02/frame-005170 -0.390709 0.858002 0.319972 -0.0937915 -2.67426 1.8009 1.37688
seq10_02/frame-005180 -0.389494 0.829946 0.374475 -0.138752 -2.62728 1.89355 1.35209
seq10_02/frame-005190 -0.3367 0.827011 0.417827 -0.167651 -2.63721 2.00917 1.32716
seq10_02/frame-005200 -0.35923 0.819862 0.431196 -0.113354 -2.70053 2.1721 1.20682
seq10_02/frame-005210 -0.346121 0.803971 0.469091 -0.117404 -2.69943 2.35654 1.14359
seq10_02/frame-005220 -0.369273 0.813564 0.435113 -0.111478 -2.65583 2.50721 1.14647
seq10_02/frame-005230 -0.370373 0.845693 0.369454 -0.105505 -2.61213 2.61153 1.13029
seq10_02/frame-005240 -0.365578 0.854892 0.35136 -0.109812 -2.58515 2.65078 1.12121
seq10_02/frame-005250 -0.345074 0.853075 0.365662 -0.139568 -2.58615 2.66991 1.10656
seq10_02/frame-005260 -0.371259 0.845059 0.357498 -0.142263 -2.63908 2.72357 1.03862
seq10_02/frame-005270 -0.377034 0.84002 0.370561 -0.12205 -2.69286 2.78008 0.965445
seq10_02/frame-005280 -0.321111 0.829432 0.426514 -0.164365 -2.73453 2.73995 0.945394
seq10_02/frame-005290 -0.28885 0.776485 0.515894 -0.217926 -2.74938 2.57369 1.00326
seq10_02/frame-005300 -0.296038 0.73697 0.557614 -0.241458 -2.71554 2.38478 1.13483
seq10_02/frame-005310 -0.343356 0.811555 0.459439 -0.111362 -2.63098 2.21481 1.26656
seq10_02/frame-005320 -0.359659 0.897012 0.250228 -0.0583062 -2.43667 2.02473 1.40179
seq10_02/frame-005330 -0.383542 0.913247 0.127089 -0.0521703 -2.31534 1.93079 1.46672
seq10_02/frame-005340 -0.405969 0.911236 0.0670332 -0.0185719 -2.32406 1.85321 1.48628
seq10_02/frame-005350 -0.431767 0.900586 -0.0475397 0.0161633 -2.356 1.76354 1.50069
seq10_02/frame-005360 -0.4495 0.890043 -0.0661406 0.0374151 -2.37646 1.69952 1.53257
seq10_02/frame-005370 -0.437331 0.89841 -0.0238034 0.0321606 -2.38168 1.69251 1.53437
seq10_02/frame-005380 -0.408886 0.91213 -0.0153791 0.0243944 -2.38626 1.70137 1.52075
seq10_02/frame-005390 -0.395343 0.917666 -0.0102249 0.0385792 -2.41072 1.71196 1.50531
seq10_02/frame-005400 -0.405117 0.910158 -0.0483318 0.0718163 -2.3957 1.71266 1.50233
seq10_02/frame-005410 -0.414634 0.89474 -0.12131 0.113149 -2.28591 1.69909 1.50249
seq10_02/frame-005420 -0.42101 0.892772 -0.11601 0.110676 -2.10783 1.68742 1.50703
seq10_02/frame-005430 -0.416962 0.898986 -0.103232 0.0854874 -1.99645 1.67568 1.50537
seq10_02/frame-005440 -0.427423 0.894778 -0.103994 0.076591 -1.93468 1.66155 1.51302
seq10_02/frame-005450 -0.426611 0.895763 -0.103853 0.0694603 -1.91529 1.66608 1.51461
seq10_02/frame-005460 -0.428459 0.895367 -0.10156 0.0665288 -1.91207 1.6771 1.51396
seq10_02/frame-005470 -0.416529 0.901523 -0.0984526 0.0637685 -1.89524 1.70438 1.51111
seq10_02/frame-005480 -0.36109 0.927932 -0.0838371 0.0390695 -1.87131 1.7783 1.50673
seq10_02/frame-005490 -0.321117 0.940279 -0.102049 0.0484412 -1.86776 1.95058 1.48966
seq10_02/frame-005500 -0.25233 0.95755 -0.125054 0.0615558 -1.87162 2.16497 1.45419
seq10_02/frame-005510 -0.202152 0.966966 -0.146337 0.0519328 -1.83941 2.30319 1.41346
seq10_02/frame-005520 -0.1869 0.970247 -0.145819 0.0492392 -1.78176 2.37634 1.38053
seq10_02/frame-005530 -0.168642 0.974983 -0.138477 0.042331 -1.74799 2.38692 1.37227
seq10_02/frame-005540 -0.1652 0.968027 -0.175755 0.0688599 -1.70583 2.38096 1.37277
seq10_02/frame-005550 -0.153306 0.971557 -0.169615 0.0616778 -1.70994 2.37937 1.36833
seq10_02/frame-005560 -0.110569 0.977334 -0.174907 0.0447229 -1.70357 2.41075 1.35204
seq10_02/frame-005570 -0.115369 0.981027 -0.152901 0.029969 -1.73634 2.42642 1.35954
seq10_02/frame-005580 -0.128548 0.990042 -0.0569788 -0.00658129 -1.82589 2.44237 1.3704
seq10_02/frame-005590 -0.140759 0.989508 0.0199507 -0.0257276 -1.89891 2.44412 1.38425
seq10_02/frame-005600 -0.153868 0.987557 -0.0286958 0.0151951 -1.86883 2.43441 1.38177
seq10_02/frame-005610 -0.152436 0.980459 -0.101005 0.0725336 -1.75789 2.40494 1.36563
seq10_02/frame-005620 -0.155679 0.975101 -0.140748 0.0716405 -1.71312 2.37861 1.36784
seq10_02/frame-005630 -0.215228 0.947724 -0.210884 0.105001 -1.67071 2.3118 1.38949
seq10_02/frame-005640 -0.222032 0.905904 -0.322914 0.160515 -1.62028 2.20769 1.41285
seq10_02/frame-005650 -0.234147 0.879809 -0.372944 0.178951 -1.64319 2.10378 1.42783
seq10_02/frame-005660 -0.231675 0.883326 -0.366566 0.178016 -1.70974 1.99769 1.42495
seq10_02/frame-005670 -0.304118 0.890842 -0.301081 0.152522 -1.70469 1.54391 1.47012
seq10_02/frame-005680 -0.341599 0.88972 -0.262079 0.151731 -1.7959 1.37309 1.47136
seq10_02/frame-005690 -0.351253 0.908277 -0.179905 0.13888 -1.89594 1.26159 1.47598
seq10_02/frame-005700 -0.382313 0.919062 -0.0703314 0.0649256 -1.9648 1.15726 1.459
seq10_02/frame-005710 -0.374714 0.923519 -0.0563127 0.0594065 -2.0155 1.11713 1.30076
seq10_02/frame-005720 -0.408692 0.911915 -0.028784 0.0235122 -2.11097 1.09968 1.04808
seq10_02/frame-005730 -0.495349 0.86804 0.0253807 -0.0221741 -2.18263 1.07788 0.873386
seq10_02/frame-005740 0.531846 -0.837479 -0.103488 0.0711388 -2.25244 1.03962 0.759743
seq10_02/frame-005750 0.536419 -0.815424 -0.161781 0.145479 -2.31669 1.0046 0.751264
seq10_02/frame-005760 0.563571 -0.800312 -0.179922 0.0975577 -2.40205 0.971068 0.78739
seq10_02/frame-005770 0.568547 -0.790591 -0.193869 0.118881 -2.38077 1.02984 0.628543
seq10_02/frame-005780 0.566596 -0.793119 -0.185054 0.125256 -2.29525 1.05927 0.533899
seq10_02/frame-005790 0.59885 -0.765312 -0.186266 0.144857 -2.22556 1.0989 0.542701
seq10_02/frame-005800 0.647015 -0.716072 -0.202168 0.166557 -2.19869 1.20744 0.528845
seq10_02/frame-005810 0.653396 -0.64834 -0.271174 0.281415 -2.25128 1.34466 0.457913
seq10_02/frame-005820 0.677135 -0.605753 -0.272539 0.31666 -2.28018 1.37872 0.40358
seq10_02/frame-005830 0.651509 -0.573803 -0.263757 0.420379 -2.28219 1.37049 0.41953
seq10_02/frame-005840 0.644466 -0.624231 -0.235649 0.373456 -2.14568 1.4009 0.467655
seq10_02/frame-005850 0.602002 -0.652416 -0.271894 0.371512 -2.0133 1.45058 0.488886
seq10_02/frame-005860 0.622626 -0.625892 -0.288768 0.370417 -1.96217 1.47222 0.511719
seq10_02/frame-005870 0.561516 -0.703359 -0.296642 0.319356 -1.97321 1.46005 0.607365
seq10_02/frame-005880 0.559722 -0.759432 -0.264882 0.199533 -2.03387 1.45886 0.786862
seq10_02/frame-005890 0.563816 -0.763865 -0.232602 0.210997 -2.10476 1.46676 1.00406
seq10_02/frame-005900 -0.481026 0.776022 0.310614 -0.264427 -2.08253 1.56708 1.03297
seq10_02/frame-005910 -0.457617 0.674494 0.454734 -0.358971 -1.9573 1.71272 0.972185
seq10_02/frame-005920 -0.400579 0.595416 0.573111 -0.395677 -1.90849 1.86275 0.88847
seq10_02/frame-005930 -0.390192 0.542338 0.642375 -0.375464 -1.8954 1.89419 0.904265
seq10_02/frame-005940 -0.421478 0.56383 0.607894 -0.367309 -1.9049 1.89784 0.934616
seq10_02/frame-005950 -0.452505 0.59007 0.565181 -0.357251 -1.91001 1.8916 0.956663
seq10_02/frame-005960 -0.437863 0.643226 0.523342 -0.347346 -1.93111 1.83668 0.991151
seq10_02/frame-005970 -0.33095 0.913243 -0.229314 0.0622408 -2.76398 1.35556 1.08729
seq10_02/frame-005980 -0.240613 0.900566 -0.361641 0.017398 -2.84805 1.41119 1.10266
seq10_02/frame-005990 -0.206816 0.870694 -0.443008 0.0535085 -2.85926 1.50658 1.09417
seq10_02/frame-006000 -0.186022 0.875064 -0.446068 0.0261497 -2.86681 1.56996 1.08793
seq10_02/frame-006010 -0.167953 0.877527 -0.44639 0.0497545 -2.90733 1.58976 1.09429
seq10_02/frame-006020 -0.172573 0.859804 -0.478588 0.0436878 -2.97912 1.60213 1.10529
seq10_02/frame-006030 -0.177349 0.847553 -0.495743 0.0666368 -2.99823 1.60077 1.10188
seq10_02/frame-006040 -0.182825 0.841653 -0.502636 0.0745178 -3.00631 1.61221 1.1118
seq10_02/frame-006050 -0.181807 0.842907 -0.50166 0.0692265 -3.01397 1.62811 1.11025
seq10_02/frame-006060 -0.2063 0.814803 -0.525985 0.129909 -3.0431 1.65079 1.11855
seq10_02/frame-006070 -0.190298 0.814421 -0.533021 0.128042 -3.12722 1.71207 1.11185
seq10_02/frame-006080 -0.207062 0.770458 -0.579449 0.166609 -3.27307 1.78905 1.10273
seq10_02/frame-006090 -0.253825 0.741885 -0.579081 0.22326 -3.41289 1.85686 1.10446
seq10_02/frame-006100 -0.283903 0.707484 -0.586246 0.274192 -3.43981 1.85992 1.07009
seq10_02/frame-006110 -0.198491 0.740911 -0.593951 0.242642 -3.3831 1.70408 0.99351
seq10_02/frame-006120 -0.232844 0.774647 -0.54655 0.216768 -3.35408 1.44129 0.998956
seq10_02/frame-006130 -0.329028 0.789741 -0.483126 0.186117 -3.34894 1.35564 0.883225
seq10_02/frame-006140 -0.369826 0.767156 -0.475901 0.219585 -3.34675 1.36276 0.65106
seq10_02/frame-006150 0.535644 -0.684118 0.398796 -0.293307 -3.38891 1.37364 0.578627
seq10_02/frame-006160 0.540914 -0.672738 0.396742 -0.312135 -3.37336 1.38312 0.536108
seq10_02/frame-006170 0.502638 -0.731031 0.36762 -0.278933 -3.37189 1.41708 0.450178
seq10_02/frame-006180 0.504793 -0.73373 0.366052 -0.269871 -3.36533 1.42571 0.442766
seq10_02/frame-006190 0.510481 -0.716826 0.383544 -0.280112 -3.35749 1.4152 0.453681
seq10_02/frame-006200 0.505096 -0.714012 0.386649 -0.292517 -3.35333 1.40539 0.456141
seq10_02/frame-006210 -0.495839 0.725794 -0.374373 0.295316 -3.34129 1.39071 0.456792
seq10_02/frame-006220 -0.453489 0.781377 -0.314792 0.291038 -3.29485 1.30793 0.484096
seq10_02/frame-006230 -0.452675 0.754055 -0.364615 0.305843 -3.24876 1.19975 0.526529
seq10_02/frame-006240 -0.466924 0.736399 -0.390566 0.295224 -3.24418 1.14047 0.550969
seq10_02/frame-006250 -0.480583 0.735248 -0.39145 0.274257 -3.24846 1.13309 0.552611
seq10_02/frame-006260 -0.487326 0.746101 -0.372591 0.258891 -3.25896 1.15493 0.551815
seq10_02/frame-006270 -0.491364 0.753436 -0.358871 0.24921 -3.26956 1.17771 0.551295
seq10_02/frame-006280 0.5032 -0.79509 0.282344 -0.186824 -3.31529 1.24967 0.557987
seq10_02/frame-006290 0.514184 -0.817995 0.222813 -0.129819 -3.36567 1.30949 0.557895
seq10_02/frame-006300 0.544777 -0.813033 0.185866 -0.0874669 -3.40003 1.31253 0.57787
seq10_02/frame-006310 -0.416164 0.735006 -0.463761 0.267395 -3.364 1.17876 0.5968
seq10_02/frame-006320 -0.376226 0.607123 -0.581211 0.389936 -3.38089 1.04257 0.627126
seq10_02/frame-006330 -0.392417 0.615568 -0.566538 0.382256 -3.38549 1.05108 0.634309
seq10_02/frame-006340 -0.39291 0.618743 -0.563968 0.38042 -3.38041 1.07014 0.628431
seq10_02/frame-006350 -0.392596 0.597235 -0.570174 0.405069 -3.37797 1.07109 0.628545
seq10_02/frame-006360 0.367609 -0.546805 0.610954 -0.438865 -3.37388 1.0518 0.634186
seq10_02/frame-006370 0.343947 -0.52639 0.62837 -0.458002 -3.37507 1.03368 0.641973
seq10_02/frame-006380 0.276433 -0.55006 0.679475 -0.399165 -3.30587 0.980334 0.802983
seq10_02/frame-006390 0.173653 -0.528865 0.759412 -0.336808 -3.25769 0.868763 1.02276
seq10_02/frame-006400 0.114764 -0.507644 0.779487 -0.348607 -3.2281 0.758022 1.28884
seq10_02/frame-006410 0.155377 -0.534709 0.753222 -0.350145 -3.09751 0.762995 1.37357
seq10_02/frame-006420 0.176254 -0.525032 0.750566 -0.360453 -2.87912 0.751882 1.41191
seq10_02/frame-006430 0.19328 -0.562955 0.719753 -0.357322 -2.68817 0.69698 1.4118
seq10_02/frame-006440 0.152505 -0.564652 0.734712 -0.34367 -2.45728 0.534416 1.39495
seq10_02/frame-006450 0.131969 -0.539718 0.750361 -0.358117 -2.30583 0.448273 1.40485
seq10_02/frame-006460 0.123068 -0.584601 0.738281 -0.31311 -2.1883 0.405283 1.39565
seq10_02/frame-006470 -0.182564 0.757142 -0.575381 0.249688 -2.1051 0.457663 1.37796
seq10_02/frame-006480 -0.215582 0.823075 -0.480074 0.213544 -2.11409 0.515378 1.37392
seq10_02/frame-006490 -0.204906 0.750487 -0.566333 0.27212 -2.14369 0.500866 1.38181
seq10_02/frame-006500 0.16072 -0.664538 0.680411 -0.263818 -2.21478 0.431944 1.37618
seq10_02/frame-006510 0.170902 -0.669492 0.674734 -0.259434 -2.24515 0.42925 1.38498
seq10_02/frame-006520 0.178471 -0.668595 0.673427 -0.260048 -2.26175 0.416487 1.39103
seq10_02/frame-006530 -0.189011 0.689733 -0.652313 0.251058 -2.27641 0.422112 1.3884
seq10_02/frame-006540 -0.214986 0.735156 -0.597911 0.236281 -2.28119 0.460723 1.38997
seq10_02/frame-006550 -0.259903 0.801847 -0.495141 0.210538 -2.29643 0.539535 1.39519
seq10_02/frame-006560 -0.263097 0.821075 -0.464083 0.203081 -2.2851 0.584184 1.38613
seq10_02/frame-006570 -0.222642 0.815746 -0.488686 0.214884 -2.22504 0.670101 1.35746
seq10_02/frame-006580 -0.19351 0.798445 -0.538758 0.186492 -2.16057 0.823136 1.32883
seq10_02/frame-006590 -0.387425 0.611362 -0.568191 0.391532 -2.08857 0.90079 1.49059
seq10_02/frame-006600 -0.38721 0.569001 -0.565797 0.454071 -2.02042 0.954306 1.55496
seq10_02/frame-006610 0.355342 -0.518248 0.615974 -0.475108 -1.98529 0.965191 1.57103
seq10_02/frame-006620 0.351677 -0.513235 0.637567 -0.454337 -1.98128 0.972595 1.57245
seq10_02/frame-006630 0.370585 -0.554049 0.623817 -0.408105 -1.95704 0.856162 1.57602
seq10_02/frame-006640 -0.390875 0.628537 -0.557571 0.375863 -1.90443 0.591347 1.59086
seq10_02/frame-006650 -0.379783 0.640591 -0.564149 0.356573 -1.89991 0.471221 1.59493
seq10_02/frame-006660 0.308953 -0.618869 0.633658 -0.346448 -1.88914 0.415463 1.56513
seq10_02/frame-006670 0.316289 -0.59754 0.631017 -0.380427 -1.89553 0.412124 1.56802
seq10_02/frame-006680 0.366988 -0.541613 0.580512 -0.484748 -1.91803 0.452115 1.62146
seq10_02/frame-006690 -0.429484 0.483292 -0.532427 0.546346 -1.93945 0.490226 1.67523
seq10_02/frame-006700 0.536462 -0.463741 0.451853 -0.54128 -1.9797 0.548544 1.73636
seq10_02/frame-006710 0.598115 -0.50352 0.364399 -0.505904 -2.02212 0.64729 1.75401
seq10_02/frame-006720 0.589578 -0.552144 0.361851 -0.465403 -2.01655 0.706763 1.7331
seq10_02/frame-006730 0.538054 -0.610597 0.400092 -0.421422 -1.97278 0.761299 1.68299
seq10_02/frame-006740 -0.461223 0.665824 -0.457907 0.366433 -1.90667 0.846321 1.60664
seq10_02/frame-006750 -0.469712 0.77703 -0.345718 0.236798 -1.96738 1.01807 1.53656
seq10_02/frame-006760 0.506391 -0.807752 0.250101 -0.168977 -2.05355 1.15887 1.53299
seq10_02/frame-006770 0.594971 -0.749456 0.212636 -0.197767 -2.11768 1.22446 1.57132
seq10_02/frame-006780 0.641828 -0.734004 0.159362 -0.154594 -2.12291 1.23285 1.61279
seq10_02/frame-006790 0.646428 -0.753325 0.0852858 -0.0857843 -2.11715 1.23923 1.63027
seq10_02/frame-006800 0.648848 -0.759714 0.0238447 -0.0355066 -2.10626 1.21496 1.62573
seq10_02/frame-006810 0.69345 -0.720226 -0.019719 0.00362363 -2.09911 1.17519 1.66223
seq10_02/frame-006820 0.714009 -0.690961 -0.0861945 0.0730513 -2.13838 1.15553 1.68638
seq10_02/frame-006830 0.699682 -0.687352 -0.139396 0.136237 -2.16194 1.14609 1.68341
seq10_02/frame-006840 0.646157 -0.701103 -0.218013 0.208342 -2.21467 1.12994 1.66106
seq10_02/frame-006850 0.612855 -0.687981 -0.285895 0.263353 -2.29018 1.07883 1.65553
seq10_02/frame-006860 0.579104 -0.647632 -0.360716 0.339259 -2.368 0.973101 1.66403
seq10_02/frame-006870 0.572823 -0.612507 -0.386128 0.384207 -2.39898 0.884833 1.67283
seq10_02/frame-006880 0.701047 -0.591874 -0.2515 0.308166 -2.35601 0.887824 1.71039
seq10_02/frame-006890 0.709633 -0.604906 -0.226088 0.28177 -2.33433 0.902496 1.71742
seq10_02/frame-006900 0.700021 -0.612332 -0.230875 0.28586 -2.33969 0.909877 1.71734
seq10_02/frame-006910 0.692662 -0.607017 -0.241961 0.305293 -2.34002 0.902526 1.7146
seq10_02/frame-006920 0.684934 -0.586575 -0.264077 0.342138 -2.33867 0.877754 1.72132
seq10_02/frame-006930 0.724179 -0.520733 -0.244486 0.380301 -2.32496 0.844027 1.74415
seq10_02/frame-006940 0.695283 -0.445409 -0.287046 0.48559 -2.30123 0.796674 1.76909
seq10_02/frame-006950 0.634253 -0.433298 -0.354964 0.532895 -2.33919 0.749755 1.76542
seq10_02/frame-006960 0.566099 -0.43779 -0.422284 0.556371 -2.36046 0.73334 1.75059
seq10_02/frame-006970 0.544415 -0.346404 -0.361761 0.672864 -2.29782 0.729677 1.79602
seq10_02/frame-006980 0.364997 -0.214974 -0.366118 0.828566 -2.23708 0.826262 1.81815
seq10_02/frame-006990 0.240583 -0.120358 -0.373497 0.887769 -2.15592 0.891532 1.80945
seq10_02/frame-007000 0.183418 -0.0940179 -0.421885 0.882911 -2.11912 0.815278 1.8076
seq10_02/frame-007010 0.0643499 -0.037809 -0.40744 0.910177 -2.09349 0.787322 1.81274
seq10_02/frame-007020 -0.0958 0.0736879 -0.392502 0.911776 -2.16885 0.805844 1.82272
seq10_02/frame-007030 -0.187387 0.116907 -0.386898 0.895281 -2.28557 0.856752 1.82109
seq10_02/frame-007040 -0.274424 0.1518 -0.384904 0.868042 -2.34098 0.894636 1.81202
seq10_02/frame-007050 -0.307648 0.185668 -0.413614 0.836542 -2.30472 0.8977 1.80715
seq10_02/frame-007060 -0.315196 0.239523 -0.498364 0.771306 -2.18858 0.863815 1.79486
seq10_02/frame-007070 -0.308134 0.252156 -0.53379 0.746016 -2.13781 0.846206 1.7793
seq10_02/frame-007080 -0.305382 0.240784 -0.551034 0.738327 -2.12925 0.834168 1.77551
seq10_02/frame-007090 -0.331068 0.254551 -0.537908 0.732294 -2.14505 0.845943 1.78084
seq10_02/frame-007100 -0.357426 0.280697 -0.538543 0.709526 -2.14656 0.851832 1.77623
seq10_02/frame-007110 -0.335864 0.324046 -0.600349 0.649438 -2.13592 0.828126 1.72634
seq10_02/frame-007120 0.271008 -0.329576 0.678605 -0.597855 -2.1286 0.797646 1.65202
seq10_02/frame-007130 0.248428 -0.32979 0.69691 -0.586377 -2.1292 0.789479 1.62554
seq10_02/frame-007140 0.231482 -0.281755 0.684413 -0.631354 -2.13913 0.777969 1.6335
seq10_02/frame-007150 0.216184 -0.278663 0.7147 -0.604 -2.14513 0.759517 1.63745
seq10_02/frame-007160 0.172314 -0.277235 0.765726 -0.554177 -2.11683 0.733793 1.61216
seq10_02/frame-007170 0.16195 -0.271595 0.765107 -0.56091 -2.11499 0.735284 1.61225
seq10_02/frame-007180 0.174127 -0.276252 0.759255 -0.562935 -2.12753 0.738455 1.61259
seq10_02/frame-007190 0.18208 -0.278614 0.753848 -0.56651 -2.13262 0.736304 1.6151
seq10_02/frame-007200 0.189381 -0.277669 0.748481 -0.571675 -2.13943 0.740868 1.61856
seq10_02/frame-007210 -0.215486 0.219272 -0.655769 0.689531 -2.18388 0.780933 1.66632
seq10_02/frame-007220 -0.230493 0.184527 -0.594938 0.747577 -2.21679 0.809222 1.71134
seq10_02/frame-007230 -0.249001 0.188633 -0.570707 0.759414 -2.21975 0.820688 1.72395
seq10_02/frame-007240 -0.273415 0.185057 -0.547228 0.769116 -2.23492 0.833968 1.72946
seq10_02/frame-007250 -0.275607 0.192294 -0.543766 0.769014 -2.24065 0.837191 1.73114
seq10_02/frame-007260 -0.238292 0.181674 -0.579501 0.757884 -2.24127 0.828258 1.72676
seq10_02/frame-007270 0.104018 -0.150627 0.814211 -0.550955 -2.30534 0.739132 1.57142
seq10_02/frame-007280 -0.0291049 0.176436 0.957139 -0.227834 -2.52067 0.723901 1.3866
seq10_02/frame-007290 -0.0995048 0.510605 0.84121 -0.147473 -2.72584 0.837837 1.33987
seq10_02/frame-007300 -0.0986384 0.618603 0.763263 -0.158213 -2.86226 0.857542 1.33195