seq01_02/frame-000000 0.308343 -0.503563 0.714037 -0.376164 -0.284984 -0.716982 1.61961
seq01_02/frame-000010 0.314437 -0.541403 0.695909 -0.351741 -0.273761 -0.696526 1.61087
seq01_02/frame-000020 0.353374 -0.603467 0.636626 -0.325057 -0.25868 -0.660177 1.60511
seq01_02/frame-000030 -0.379027 0.625973 -0.603715 0.316266 -0.230103 -0.664452 1.60206
seq01_02/frame-000040 -0.383011 0.631787 -0.604518 0.297834 -0.141588 -0.709602 1.59423
seq01_02/frame-000050 -0.401441 0.65417 -0.574353 0.284648 0.0106969 -0.751773 1.60246
seq01_02/frame-000060 -0.411 0.693244 -0.535706 0.252014 0.136356 -0.763738 1.61278
seq01_02/frame-000070 -0.444462 0.764473 -0.427456 0.187925 0.226481 -0.770123 1.61206
seq01_02/frame-000080 -0.480161 0.815951 -0.290739 0.138351 0.307395 -0.823669 1.63473
seq01_02/frame-000090 -0.480804 0.828658 -0.269355 0.0979887 0.393482 -0.849617 1.63022
seq01_02/frame-000100 -0.463451 0.848434 -0.240793 0.085974 0.500661 -0.820657 1.62266
seq01_02/frame-000110 -0.429098 0.847664 -0.296419 0.0973473 0.595588 -0.832143 1.61439
seq01_02/frame-000120 -0.400374 0.829628 -0.354749 0.159911 0.678333 -0.894138 1.62061
seq01_02/frame-000130 -0.3932 0.815918 -0.389823 0.166458 0.73757 -0.951241 1.61617
seq01_02/frame-000140 -0.369754 0.814069 -0.417504 0.162062 0.778468 -0.983202 1.60563
seq01_02/frame-000150 -0.317314 0.763638 -0.525278 0.200629 0.815194 -1.04072 1.5912
seq01_02/frame-000160 -0.260552 0.66713 -0.659301 0.22885 0.848429 -1.08054 1.58313
seq01_02/frame-000170 0.232416 -0.597548 0.725247 -0.250872 0.872724 -1.08018 1.57131
seq01_02/frame-000180 0.263947 -0.612883 0.696698 -0.263283 0.925753 -1.10124 1.56967
seq01_02/frame-000190 0.303723 -0.602816 0.677018 -0.293275 0.981549 -1.17247 1.58108
seq01_02/frame-000200 0.282504 -0.624901 0.665329 -0.295005 1.03982 -1.21593 1.59012
seq01_02/frame-000210 -0.306092 0.640587 -0.636923 0.300474 1.10795 -1.28612 1.60444
seq01_02/frame-000220 0.28919 -0.615018 0.655649 -0.329009 1.24827 -1.4266 1.61084
seq01_02/frame-000230 0.270127 -0.549052 0.716882 -0.334145 1.42921 -1.54257 1.60482
seq01_02/frame-000240 0.285169 -0.633354 0.669989 -0.26202 1.61955 -1.55895 1.558
seq01_02/frame-000250 -0.293999 0.712422 -0.594783 0.228591 1.71437 -1.59232 1.5378
seq01_02/frame-000260 -0.354107 0.760428 -0.511698 0.185803 1.78066 -1.59681 1.56342
seq01_02/frame-000270 -0.411518 0.804644 -0.39393 0.167391 1.8905 -1.55061 1.58714
seq01_02/frame-000280 -0.415038 0.844355 -0.315852 0.122664 2.04144 -1.49239 1.60604
seq01_02/frame-000290 -0.416678 0.87986 -0.221316 0.0569749 2.16699 -1.45131 1.59505
seq01_02/frame-000300 -0.42066 0.899403 -0.114917 0.0302097 2.2829 -1.42019 1.61209
seq01_02/frame-000310 -0.399796 0.913631 -0.0728186 0.0118059 2.35435 -1.33805 1.60449
seq01_02/frame-000320 -0.395423 0.917585 -0.0372708 0.016973 2.41442 -1.19924 1.6076
seq01_02/frame-000330 -0.363845 0.931079 -0.00942666 -0.0248785 2.48162 -1.05322 1.59952
seq01_02/frame-000340 -0.317956 0.947128 -0.00124069 -0.0430336 2.59227 -0.966098 1.5591
seq01_02/frame-000350 -0.292151 0.955584 0.0388003 0.000888832 2.67656 -0.854588 1.54957
seq01_02/frame-000360 -0.31562 0.940852 0.120603 -0.0252148 2.6079 -0.735547 1.55345
seq01_02/frame-000370 -0.396234 0.910228 0.115168 -0.034934 2.53703 -0.64535 1.58877
seq01_02/frame-000380 -0.46912 0.876045 0.0835318 -0.0741203 2.43717 -0.545309 1.63731
seq01_02/frame-000390 -0.480728 0.873563 0.0705533 -0.0284621 2.36763 -0.568095 1.64306
seq01_02/frame-000400 -0.456425 0.886701 0.0707406 0.0207996 2.40168 -0.736056 1.6137
seq01_02/frame-000410 -0.442075 0.893671 0.0166706 0.0751301 2.43035 -0.863155 1.61649
seq01_02/frame-000420 -0.41928 0.892912 -0.108652 0.12291 2.38667 -1.01526 1.58937
seq01_02/frame-000430 -0.392633 0.875006 -0.240704 0.149215 2.34056 -1.20948 1.58794
seq01_02/frame-000440 -0.435662 0.821484 -0.310945 0.196658 2.29879 -1.39609 1.60929
seq01_02/frame-000450 -0.466339 0.79527 -0.331327 0.200741 2.22611 -1.55 1.63415
seq01_02/frame-000460 0.550831 -0.746723 0.301346 -0.219498 2.11033 -1.59643 1.70212
seq01_02/frame-000470 0.601996 -0.686523 0.301653 -0.274394 1.94773 -1.54817 1.7281
seq01_02/frame-000480 0.584318 -0.622432 0.383592 -0.352148 1.81235 -1.52066 1.77623
seq01_02/frame-000490 0.558302 -0.564629 0.428245 -0.431389 1.71511 -1.56736 1.79473
seq01_02/frame-000500 0.507395 -0.541478 0.487542 -0.460059 1.64017 -1.62387 1.78946
seq01_02/frame-000510 -0.456817 0.576916 -0.522888 0.430203 1.59804 -1.62659 1.75809
seq01_02/frame-000520 -0.395296 0.612225 -0.558706 0.395941 1.60641 -1.61663 1.71063
seq01_02/frame-000530 0.346722 -0.583432 0.620495 -0.392908 1.61954 -1.66854 1.6782
seq01_02/frame-000540 0.370764 -0.525423 0.62543 -0.441931 1.61099 -1.72016 1.70123
seq01_02/frame-000550 0.396948 -0.591886 0.610682 -0.34521 1.64827 -1.72802 1.68678
seq01_02/frame-000560 -0.3456 0.671318 -0.60869 0.243699 1.716 -1.736 1.59957
seq01_02/frame-000570 -0.351237 0.66381 -0.616228 0.237177 1.74561 -1.8346 1.57402
seq01_02/frame-000580 -0.352179 0.648644 -0.618452 0.269719 1.82013 -1.94389 1.58311
seq01_02/frame-000590 -0.392831 0.660675 -0.587999 0.251894 1.86781 -2.08259 1.58509
seq01_02/frame-000600 -0.416757 0.728337 -0.501684 0.210125 1.90282 -2.22036 1.58516
seq01_02/frame-000610 -0.483004 0.725123 -0.439418 0.218669 1.91796 -2.29366 1.6191
seq01_02/frame-000620 0.518565 -0.688794 0.415901 -0.289274 1.91961 -2.32808 1.66987
seq01_02/frame-000630 0.510214 -0.694929 0.416342 -0.288817 1.92804 -2.35614 1.69603
seq01_02/frame-000640 -0.470144 0.708138 -0.47314 0.231614 1.97535 -2.42878 1.63135
seq01_02/frame-000650 -0.430465 0.689619 -0.541285 0.214789 1.96332 -2.48939 1.57743
seq01_02/frame-000660 -0.364925 0.641149 -0.616824 0.274383 1.94902 -2.39295 1.57686
seq01_02/frame-000670 0.268056 -0.465113 0.749743 -0.386913 1.97323 -2.23874 1.60538
seq01_02/frame-000680 0.169774 -0.302383 0.826574 -0.4433 2.01537 -2.13432 1.62528
seq01_02/frame-000690 0.124019 -0.229397 0.837482 -0.480229 2.06669 -2.12679 1.64173
seq01_02/frame-000700 0.0878683 -0.147428 0.851856 -0.49486 2.12634 -2.13029 1.67214
seq01_02/frame-000710 0.0536471 -0.075715 0.856169 -0.508296 2.1608 -2.0842 1.67911
seq01_02/frame-000720 0.0503632 0.0182962 0.871489 -0.487478 2.24725 -1.98234 1.66438
seq01_02/frame-000730 0.0809205 -0.0174202 0.899358 -0.429307 2.31425 -1.94586 1.63058
seq01_02/frame-000740 0.086608 -0.110175 0.929873 -0.340142 2.31353 -1.94653 1.57921
seq01_02/frame-000750 0.0938725 -0.210809 0.931874 -0.279924 2.27118 -1.93954 1.5509
seq01_02/frame-000760 0.108797 -0.274934 0.926901 -0.231144 2.27055 -1.94484 1.52102
seq01_02/frame-000770 0.135732 -0.345556 0.89437 -0.249538 2.19496 -1.94991 1.51544
seq01_02/frame-000780 0.0992025 -0.437236 0.844017 -0.294311 1.97768 -1.94052 1.50203
seq01_02/frame-000790 0.131273 -0.394404 0.845814 -0.334382 1.79757 -1.92839 1.53419
seq01_02/frame-000800 0.11926 -0.330068 0.861589 -0.366737 1.6255 -1.89912 1.53778
seq01_02/frame-000810 0.138104 -0.260417 0.870979 -0.393073 1.47595 -1.89304 1.56031
seq01_02/frame-000820 0.13993 -0.212277 0.874855 -0.412293 1.34348 -1.91771 1.57151
seq01_02/frame-000830 0.1318 -0.195852 0.85844 -0.455357 1.21015 -1.92589 1.60094
seq01_02/frame-000840 0.152896 -0.208802 0.869854 -0.419973 1.16477 -1.91968 1.60976
seq01_02/frame-000850 0.152495 -0.302132 0.889997 -0.305559 1.23657 -1.89455 1.52009
seq01_02/frame-000860 0.160593 -0.434822 0.848445 -0.2555 1.32476 -1.81835 1.48261
seq01_02/frame-000870 0.171532 -0.499272 0.81387 -0.242735 1.34214 -1.79363 1.47459
seq01_02/frame-000880 0.180525 -0.517221 0.813788 -0.194019 1.35072 -1.81264 1.46423
seq01_02/frame-000890 0.162082 -0.583065 0.784399 -0.13595 1.39392 -1.80735 1.43019
seq01_02/frame-000900 0.153732 -0.670974 0.713372 -0.131382 1.42785 -1.78011 1.42658
seq01_02/frame-000910 -0.172461 0.796387 -0.571187 0.0988373 1.38977 -1.80939 1.42382
seq01_02/frame-000920 -0.123919 0.822577 -0.551487 0.0622337 1.36263 -1.84742 1.38216
seq01_02/frame-000930 -0.104343 0.840273 -0.528976 0.0568947 1.3372 -1.82788 1.36286
seq01_02/frame-000940 -0.189726 0.701698 -0.641978 0.243899 1.36496 -1.91202 1.47811
seq01_02/frame-000950 0.290624 -0.55735 0.703995 -0.330587 1.44643 -1.87797 1.57744
seq01_02/frame-000960 -0.269004 0.70419 -0.622755 0.209592 1.59871 -1.70911 1.54172
seq01_02/frame-000970 -0.287676 0.867035 -0.390948 0.11248 1.67933 -1.55884 1.51415
seq01_02/frame-000980 -0.279694 0.911732 -0.293191 0.067491 1.72535 -1.53977 1.50087
seq01_02/frame-000990 -0.255215 0.915855 -0.298713 0.0827422 1.76459 -1.50708 1.48174
seq01_02/frame-001000 -0.215971 0.879269 -0.396359 0.152128 1.88371 -1.51275 1.46121
seq01_02/frame-001010 -0.278709 0.869649 -0.375349 0.158568 2.09771 -1.49623 1.49856
seq01_02/frame-001020 -0.340109 0.891918 -0.275686 0.113161 2.25529 -1.39004 1.53611
seq01_02/frame-001030 -0.382727 0.875495 -0.260895 0.137701 2.3827 -1.20578 1.55495
seq01_02/frame-001040 -0.403904 0.83671 -0.320609 0.184359 2.5071 -1.03439 1.59921
seq01_02/frame-001050 -0.398279 0.797305 -0.393942 0.224696 2.65269 -0.878828 1.58923
seq01_02/frame-001060 -0.427374 0.735368 -0.44817 0.27519 2.74149 -0.752053 1.65054
seq01_02/frame-001070 -0.431715 0.634706 -0.543873 0.339076 2.76766 -0.680397 1.68847
seq01_02/frame-001080 -0.451135 0.586698 -0.549941 0.387074 2.75037 -0.607213 1.73043
seq01_02/frame-001090 -0.463809 0.545113 -0.518272 0.468111 2.72174 -0.561381 1.78198
seq01_02/frame-001100 -0.486744 0.509012 -0.470367 0.531732 2.71229 -0.543662 1.82635
seq01_02/frame-001110 0.526811 -0.458398 0.412689 -0.584831 2.72478 -0.540243 1.86749
seq01_02/frame-001120 -0.468138 0.372882 -0.480678 0.640901 2.81986 -0.510645 1.89719
seq01_02/frame-001130 0.332941 -0.396096 0.65188 -0.554355 2.99493 -0.527805 1.81016
seq01_02/frame-001140 0.241338 -0.437468 0.747277 -0.438126 3.07397 -0.548883 1.68761
seq01_02/frame-001150 0.150059 -0.437065 0.80294 -0.376487 3.09959 -0.522058 1.56282
seq01_02/frame-001160 0.0541642 -0.350375 0.846702 -0.396737 3.08414 -0.493839 1.51384
seq01_02/frame-001170 0.0270102 -0.359995 0.873196 -0.327419 3.08377 -0.497075 1.44011
seq01_02/frame-001180 0.0458624 -0.35805 0.873608 -0.326353 3.08087 -0.511746 1.44154
seq01_02/frame-001190 0.150406 -0.282204 0.839863 -0.438598 3.02161 -0.557662 1.56902
seq01_02/frame-001200 0.210728 -0.252831 0.791262 -0.51534 2.97164 -0.581516 1.65189
seq01_02/frame-001210 0.259575 -0.257298 0.738955 -0.566007 2.9523 -0.568481 1.70173
seq01_02/frame-001220 0.308355 -0.274414 0.663752 -0.623738 2.9371 -0.543394 1.75191
seq01_02/frame-001230 -0.325113 0.266614 -0.602766 0.678152 2.91833 -0.530121 1.80062
seq01_02/frame-001240 -0.363284 0.236302 -0.497276 0.751601 2.87606 -0.535683 1.83556
seq01_02/frame-001250 -0.344718 0.173869 -0.451842 0.804225 2.80824 -0.556796 1.86439
seq01_02/frame-001260 -0.281187 0.120039 -0.46527 0.830691 2.73618 -0.608146 1.872
seq01_02/frame-001270 -0.167087 0.0623948 -0.53542 0.825539 2.64368 -0.709124 1.87311
seq01_02/frame-001280 -0.050075 0.0259925 -0.607699 0.792161 2.54799 -0.839678 1.85994
seq01_02/frame-001290 0.0243714 -0.0521639 -0.665698 0.743996 2.4832 -0.983191 1.84424
seq01_02/frame-001300 0.0672258 -0.118644 -0.69923 0.70177 2.46603 -1.19918 1.83125
seq01_02/frame-001310 -0.0394268 0.0738862 0.711281 -0.697901 2.48411 -1.33977 1.81579
seq01_02/frame-001320 0.0396787 -0.0125253 0.773131 -0.63288 2.47893 -1.47482 1.76534
seq01_02/frame-001330 0.0356639 -0.0187833 0.855925 -0.515526 2.41382 -1.60262 1.68608
seq01_02/frame-001340 0.0139397 0.0589592 0.89743 -0.436977 2.29623 -1.64545 1.6266
seq01_02/frame-001350 -0.00356566 0.119912 0.926651 -0.35627 2.21312 -1.67858 1.56543
seq01_02/frame-001360 -0.036017 0.168549 0.923073 -0.343848 2.16096 -1.68293 1.54802
seq01_02/frame-001370 -0.00826016 0.147994 0.932597 -0.329076 2.16486 -1.69254 1.53306
seq01_02/frame-001380 0.0497009 0.0166302 0.932019 -0.3586 2.26532 -1.70517 1.54115
seq01_02/frame-001390 -0.0302935 0.0640002 0.897534 -0.435223 2.25227 -1.70683 1.56687
seq01_02/frame-001400 -0.103149 0.259872 0.836771 -0.470788 2.1076 -1.69233 1.59797
seq01_02/frame-001410 -0.191245 0.348088 0.777321 -0.487886 2.02261 -1.75385 1.65399
seq01_02/frame-001420 -0.232211 0.351704 0.720412 -0.550807 2.00799 -1.82792 1.71475
seq01_02/frame-001430 -0.22169 0.326753 0.672954 -0.625475 1.97703 -1.85303 1.77358
seq01_02/frame-001440 0.201386 -0.263193 -0.640028 0.693208 1.90239 -1.84121 1.81289
seq01_02/frame-001450 0.22155 -0.226178 -0.612717 0.72411 1.78869 -1.81207 1.8456
seq01_02/frame-001460 0.233816 -0.257406 -0.64332 0.682064 1.69228 -1.80894 1.83887
seq01_02/frame-001470 -0.154613 0.302345 0.794213 -0.503892 1.61219 -1.89018 1.70898
seq01_02/frame-001480 -0.145891 0.332935 0.842579 -0.397403 1.59231 -1.91804 1.60908
seq01_02/frame-001490 -0.133043 0.365927 0.846583 -0.362896 1.56796 -1.9076 1.57183
seq01_02/frame-001500 -0.178298 0.44962 0.803063 -0.348054 1.51613 -1.85612 1.56436
seq01_02/frame-001510 -0.152028 0.527232 0.777287 -0.307795 1.46934 -1.80555 1.54568
seq01_02/frame-001520 -0.0839196 0.553674 0.795232 -0.232398 1.45197 -1.82847 1.48809
seq01_02/frame-001530 -0.112012 0.632043 0.751032 -0.154683 1.44043 -1.86732 1.45375
seq01_02/frame-001540 -0.25963 0.751906 0.595729 -0.111071 1.47412 -1.86616 1.49375
seq01_02/frame-001550 -0.330821 0.736178 0.54773 -0.220434 1.46618 -1.88052 1.57014
seq01_02/frame-001560 -0.384639 0.707649 0.508701 -0.304153 1.38259 -1.86454 1.62775
seq01_02/frame-001570 -0.321834 0.682687 0.561085 -0.339919 1.26543 -1.8818 1.64387
seq01_02/frame-001580 -0.222875 0.718773 0.614573 -0.236626 1.10705 -1.91335 1.56283
seq01_02/frame-001590 -0.25524 0.64578 0.648143 -0.31262 1.00905 -2.0078 1.59972
seq01_02/frame-001600 -0.316542 0.549556 0.63964 -0.434338 1.00414 -2.07064 1.68674
seq01_02/frame-001610 -0.344173 0.434212 0.627277 -0.547292 1.02511 -2.05904 1.77477
seq01_02/frame-001620 0.377655 -0.367592 -0.576988 0.62397 1.03947 -1.9991 1.83515
seq01_02/frame-001630 0.42237 -0.303376 -0.507612 0.686946 1.07036 -1.94609 1.87531
seq01_02/frame-001640 0.455618 -0.281234 -0.426563 0.728946 1.0907 -1.90379 1.90037
seq01_02/frame-001650 0.569723 -0.410458 -0.363779 0.61205 1.06211 -1.86874 1.89938
seq01_02/frame-001660 0.550107 -0.499034 -0.456661 0.489702 0.972239 -1.88814 1.84951
seq01_02/frame-001670 -0.478994 0.615695 0.482161 -0.398754 0.876244 -1.93757 1.78146
seq01_02/frame-001680 0.538529 -0.687893 -0.387085 0.294879 0.872051 -1.94713 1.74864
seq01_02/frame-001690 0.618879 -0.674064 -0.312178 0.255288 0.923378 -1.95116 1.77578
seq01_02/frame-001700 0.69205 -0.613165 -0.270747 0.267938 0.985171 -1.98084 1.81311
seq01_02/frame-001710 0.698035 -0.646859 -0.217742 0.216586 1.02088 -1.98464 1.81947
seq01_02/frame-001720 0.58125 -0.756449 -0.247771 0.168945 1.02099 -1.95682 1.76174
seq01_02/frame-001730 0.519801 -0.785599 -0.293745 0.16234 1.05881 -1.97741 1.71972
seq01_02/frame-001740 -0.397962 0.833818 0.358531 -0.133529 1.09887 -1.98055 1.63805
seq01_02/frame-001750 -0.294245 0.876408 0.372247 -0.0822253 1.09272 -1.96731 1.56516
seq01_02/frame-001760 -0.311952 0.887947 0.327481 -0.0836277 1.09518 -1.97806 1.55802
seq01_02/frame-001770 -0.36217 0.885398 0.272783 -0.102432 1.07973 -2.02752 1.57176
seq01_02/frame-001780 -0.372075 0.87354 0.307642 -0.0619919 1.03744 -2.0919 1.56515
seq01_02/frame-001790 -0.388018 0.872584 0.28955 -0.0648087 1.053 -2.05298 1.57946
seq01_02/frame-001800 -0.433692 0.867286 0.229759 -0.0832813 1.05521 -2.00263 1.61759
seq01_02/frame-001810 -0.414795 0.899449 0.136415 -0.0180907 0.947685 -1.94248 1.61099
seq01_02/frame-001820 -0.369463 0.928198 0.0356042 -0.0260249 0.780005 -1.9541 1.59189
seq01_02/frame-001830 -0.35929 0.929419 0.0705628 -0.0459458 0.66412 -1.97426 1.57608
seq01_02/frame-001840 -0.341165 0.931324 0.101224 -0.0774312 0.63973 -1.98767 1.56402
seq01_02/frame-001850 -0.29029 0.956874 0.0105489 -0.00357778 0.715196 -1.97724 1.54627
seq01_02/frame-001860 -0.484149 0.874329 -0.0316554 0.0120859 0.764865 -2.01085 1.65124
seq01_02/frame-001870 0.624776 -0.778168 0.0543069 -0.0340487 0.779187 -2.06474 1.752
seq01_02/frame-001880 0.691041 -0.720501 0.0457503 -0.0353228 0.770576 -2.10609 1.80032
seq01_02/frame-001890 0.730051 -0.681552 0.0356117 -0.0352764 0.765316 -2.12754 1.83345
seq01_02/frame-001900 0.784558 -0.620041 -0.00106063 -0.00407137 0.74408 -2.15723 1.86516
seq01_02/frame-001910 0.821302 -0.557163 -0.0776434 0.0948905 0.699824 -2.18813 1.87819
seq01_02/frame-001920 0.806352 -0.540082 -0.147438 0.190709 0.683658 -2.19509 1.87937
seq01_02/frame-001930 0.814232 -0.548385 -0.107523 0.157288 0.739109 -2.18296 1.88551
seq01_02/frame-001940 0.829377 -0.552149 -0.0366127 0.0769769 0.864724 -2.16642 1.89184
seq01_02/frame-001950 0.810824 -0.584011 0.035241 -0.0159309 1.0579 -2.14839 1.89235
seq01_02/frame-001960 0.759564 -0.640855 0.0852288 -0.0714483 1.15458 -2.12722 1.86531
seq01_02/frame-001970 0.702206 -0.70315 0.0814113 -0.0765368 1.20119 -2.05625 1.82174
seq01_02/frame-001980 0.632384 -0.721217 0.221215 -0.176066 1.2943 -1.94844 1.76691
seq01_02/frame-001990 0.547937 -0.748457 0.311052 -0.206941 1.40208 -1.83517 1.72132
seq01_02/frame-002000 0.549121 -0.746642 0.315955 -0.202891 1.46478 -1.77387 1.71411
seq01_02/frame-002010 0.546091 -0.751136 0.299686 -0.218559 1.64849 -1.71356 1.70049
seq01_02/frame-002020 0.50191 -0.747628 0.356226 -0.249486 1.8663 -1.68274 1.69384
seq01_02/frame-002030 -0.393604 0.635089 -0.544491 0.38114 2.18464 -1.64171 1.68609
seq01_02/frame-002040 -0.393491 0.595908 -0.569971 0.406436 2.35178 -1.5738 1.69404
seq01_02/frame-002050 -0.422537 0.651495 -0.514111 0.364288 2.43909 -1.47394 1.67493
seq01_02/frame-002060 -0.361276 0.865202 -0.301207 0.173726 2.49689 -1.25574 1.58669