seq02_02/frame-000000 -0.413136 0.838362 -0.325937 0.142239 -2.36435 2.11191 1.2254
seq02_02/frame-000010 -0.394634 0.824575 -0.371641 0.161942 -2.26772 2.07528 1.20138
seq02_02/frame-000020 -0.401442 0.828085 -0.357039 0.160133 -2.07813 2.0147 1.14987
seq02_02/frame-000030 -0.399487 0.846883 -0.308579 0.16727 -1.87796 1.97204 1.09745
seq02_02/frame-000040 -0.416809 0.846984 -0.285805 0.164936 -1.80615 1.99101 1.00629
seq02_02/frame-000050 -0.440507 0.827508 -0.310531 0.157336 -1.84871 2.05235 0.853439
seq02_02/frame-000060 -0.435818 0.801779 -0.358744 0.196253 -2.01133 2.12579 0.743761
seq02_02/frame-000070 -0.42812 0.782897 -0.399732 0.209762 -2.21101 2.20944 0.694586
seq02_02/frame-000080 -0.413985 0.773618 -0.409194 0.250383 -2.32975 2.28695 0.659859
seq02_02/frame-000090 -0.414393 0.750558 -0.436104 0.273413 -2.42515 2.40072 0.644679
seq02_02/frame-000100 -0.401277 0.733582 -0.476597 0.27146 -2.51531 2.53524 0.641837
seq02_02/frame-000110 -0.391093 0.705214 -0.516984 0.287135 -2.62658 2.70574 0.661513
seq02_02/frame-000120 -0.358638 0.659981 -0.581933 0.311702 -2.6825 2.82075 0.675976
seq02_02/frame-000130 -0.35222 0.651196 -0.586507 0.328473 -2.67294 2.92766 0.674593
seq02_02/frame-000140 -0.358961 0.659629 -0.586459 0.303485 -2.62806 3.08661 0.659624
seq02_02/frame-000150 -0.378395 0.682628 -0.564467 0.268724 -2.60904 3.23786 0.676204
seq02_02/frame-000160 -0.373096 0.702668 -0.551568 0.250661 -2.58457 3.35095 0.691352
seq02_02/frame-000170 -0.378809 0.700593 -0.551236 0.248618 -2.53614 3.42403 0.728352
seq02_02/frame-000180 -0.360952 0.705458 -0.557561 0.24732 -2.44712 3.41129 0.797727
seq02_02/frame-000190 -0.340916 0.725 -0.563131 0.202573 -2.31254 3.41428 0.893039
seq02_02/frame-000200 -0.329179 0.748066 -0.543707 0.190845 -2.16931 3.40322 1.02816
seq02_02/frame-000210 -0.267697 0.753771 -0.579652 0.155473 -2.04029 3.39878 1.15029
seq02_02/frame-000220 -0.236716 0.751868 -0.602357 0.125804 -1.91005 3.40566 1.22835
seq02_02/frame-000230 -0.207336 0.772853 -0.589813 0.108763 -1.79624 3.36457 1.25245
seq02_02/frame-000240 -0.209671 0.789854 -0.559053 0.140099 -1.68978 3.24005 1.27723
seq02_02/frame-000250 -0.343232 0.76431 -0.503611 0.210708 -1.74587 3.19081 1.32768
seq02_02/frame-000260 -0.471373 0.730365 -0.423913 0.25431 -1.89179 3.19548 1.38964
seq02_02/frame-000270 0.559832 -0.685515 0.372386 -0.27926 -2.19159 3.1609 1.43876
seq02_02/frame-000280 0.607726 -0.633479 0.35586 -0.320525 -2.37517 3.10824 1.4913
seq02_02/frame-000290 0.598392 -0.662044 0.342668 -0.293602 -2.48676 3.05674 1.48429
seq02_02/frame-000300 0.53673 -0.738865 0.335455 -0.231236 -2.59344 3.03001 1.41788
seq02_02/frame-000310 -0.472763 0.757718 -0.382911 0.236086 -2.74775 3.03246 1.36471
seq02_02/frame-000320 -0.429101 0.750627 -0.456703 0.209413 -2.95078 3.04265 1.31532
seq02_02/frame-000330 -0.42943 0.75304 -0.448015 0.218639 -3.0171 3.01741 1.30585
seq02_02/frame-000340 0.550844 -0.724758 0.346767 -0.225938 -3.04434 2.892 1.37005
seq02_02/frame-000350 0.654637 -0.675963 0.247415 -0.230889 -3.06065 2.70385 1.47332
seq02_02/frame-000360 0.707938 -0.624556 0.233505 -0.23287 -3.07499 2.58327 1.54837
seq02_02/frame-000370 0.732374 -0.567897 0.2564 -0.274554 -3.10375 2.5054 1.60392
seq02_02/frame-000380 0.77691 -0.505202 0.237008 -0.291564 -3.13951 2.44855 1.63856
seq02_02/frame-000390 0.785381 -0.458285 0.241827 -0.33863 -3.16663 2.41996 1.65941
seq02_02/frame-000400 0.734594 -0.449802 0.301559 -0.408794 -3.14822 2.41401 1.65497
seq02_02/frame-000410 0.674062 -0.479621 0.350207 -0.439273 -3.09104 2.42547 1.62774
seq02_02/frame-000420 0.613811 -0.571025 0.37975 -0.391098 -2.97563 2.48194 1.56005
seq02_02/frame-000430 0.53336 -0.65471 0.413926 -0.339923 -2.85027 2.51991 1.45191
seq02_02/frame-000440 -0.467634 0.695313 -0.448251 0.311333 -2.76146 2.53039 1.3718
seq02_02/frame-000450 -0.414587 0.712464 -0.489455 0.284509 -2.65299 2.50451 1.28727
seq02_02/frame-000460 -0.326607 0.725963 -0.540425 0.272481 -2.50432 2.44996 1.19804
seq02_02/frame-000470 -0.268127 0.697662 -0.613519 0.254894 -2.38415 2.31851 1.12845
seq02_02/frame-000480 -0.245722 0.697356 -0.626598 0.246355 -2.30592 2.16006 1.07723
seq02_02/frame-000490 -0.236707 0.676308 -0.646812 0.261173 -2.23455 1.97591 1.07911
seq02_02/frame-000500 -0.334697 0.663597 -0.606354 0.282759 -2.2077 1.96102 1.16502
seq02_02/frame-000510 -0.469363 0.611008 -0.509952 0.382514 -2.20536 2.007 1.34948
seq02_02/frame-000520 0.582771 -0.537389 0.422501 -0.439409 -2.17104 2.02649 1.47873
seq02_02/frame-000530 0.529179 -0.519838 0.475061 -0.473347 -2.11482 1.96237 1.48886
seq02_02/frame-000540 0.42073 -0.526887 0.583349 -0.452858 -2.04895 1.81745 1.40343
seq02_02/frame-000550 0.336228 -0.511677 0.663234 -0.430415 -2.03756 1.71003 1.343
seq02_02/frame-000560 0.293156 -0.491966 0.699457 -0.427538 -2.06054 1.7088 1.30598
seq02_02/frame-000570 0.26336 -0.437303 0.728386 -0.457012 -2.11851 1.8438 1.27677
seq02_02/frame-000580 0.256878 -0.489711 0.7382 -0.386338 -2.12705 1.8754 1.21418
seq02_02/frame-000590 0.22989 -0.477825 0.73446 -0.42356 -2.20719 1.7918 1.19994
seq02_02/frame-000600 0.204568 -0.466698 0.761819 -0.39997 -2.24685 1.77881 1.19473
seq02_02/frame-000610 0.166456 -0.437902 0.817593 -0.334777 -2.31547 1.78775 1.16012
seq02_02/frame-000620 0.157058 -0.414631 0.821218 -0.359186 -2.42178 1.76839 1.16338
seq02_02/frame-000630 0.155194 -0.457452 0.805875 -0.342371 -2.53902 1.72904 1.13526
seq02_02/frame-000640 0.0972372 -0.429469 0.842764 -0.309599 -2.62268 1.71394 1.08545
seq02_02/frame-000650 0.0953385 -0.350313 0.871622 -0.329344 -2.64406 1.77983 1.02832
seq02_02/frame-000660 0.0792416 -0.239895 0.876294 -0.410221 -2.62705 1.8522 0.768737
seq02_02/frame-000670 0.116753 -0.202105 0.872145 -0.429982 -2.57751 1.91426 0.36002
seq02_02/frame-000680 0.158556 -0.284024 0.834575 -0.444606 -2.44297 1.94891 0.21612
seq02_02/frame-000690 0.258696 -0.357658 0.769022 -0.462345 -2.31007 1.99194 0.25457
seq02_02/frame-000700 0.127902 -0.200983 0.829916 -0.504467 -2.53505 1.92863 0.30798
seq02_02/frame-000710 0.1149 -0.174684 0.854979 -0.474652 -2.76034 1.85863 0.41736
seq02_02/frame-000720 0.147258 -0.230585 0.862078 -0.426575 -2.93556 1.65987 0.57023
seq02_02/frame-000730 0.105844 -0.192888 0.88219 -0.416333 -3.01994 1.50175 0.70434
seq02_02/frame-000740 0.078697 -0.125306 0.915288 -0.374637 -3.06817 1.445 0.777411
seq02_02/frame-000750 0.0624099 -0.121762 0.92545 -0.3533 -3.10888 1.33914 0.801489
seq02_02/frame-000760 0.0702429 -0.116834 0.934422 -0.329047 -3.11911 1.28552 0.804878
seq02_02/frame-000770 0.0445087 -0.110295 0.961627 -0.24724 -3.10135 1.19622 0.823078
seq02_02/frame-000780 0.010191 -0.0430175 0.973497 -0.224388 -3.12035 1.08137 0.824681
seq02_02/frame-000790 -0.00629626 0.106908 0.976134 -0.18893 -3.19332 0.982756 0.808637
seq02_02/frame-000800 -0.0420315 0.217581 0.956688 -0.188783 -3.24249 0.90563 0.822616
seq02_02/frame-000810 -0.0556033 0.262297 0.943779 -0.193368 -3.25559 0.805173 0.840618
seq02_02/frame-000820 -0.0531122 0.257494 0.941084 -0.212689 -3.17648 0.706225 0.866802
seq02_02/frame-000830 -0.0301261 0.241023 0.939723 -0.240667 -2.9737 0.57929 0.869147
seq02_02/frame-000840 -0.0348189 0.201211 0.951926 -0.228339 -2.81598 0.510487 0.824275
seq02_02/frame-000850 -0.00716093 0.122263 0.971445 -0.203213 -2.72043 0.499099 0.791641
seq02_02/frame-000860 0.0186634 -0.012269 0.979568 -0.199867 -2.65405 0.573338 0.802515
seq02_02/frame-000870 -6.68608e-05 -0.0609568 0.96775 -0.244425 -2.74325 0.734247 0.824627
seq02_02/frame-000880 -0.0260559 0.04522 0.953684 -0.296249 -2.95326 0.895967 0.849747
seq02_02/frame-000890 -0.0687318 0.133167 0.935143 -0.321014 -3.14667 0.969281 0.877531
seq02_02/frame-000900 -0.0550563 0.0844477 0.941911 -0.320375 -3.29394 0.938049 0.884268
seq02_02/frame-000910 -0.0437018 0.0206349 0.944621 -0.324584 -3.36095 0.854588 0.891491
seq02_02/frame-000920 -0.070538 0.0370394 0.94769 -0.309089 -3.42068 0.720223 0.883762
seq02_02/frame-000930 -0.0927158 0.0172568 0.96248 -0.254433 -3.47679 0.578464 0.851738
seq02_02/frame-000940 -0.0707406 0.0192164 0.963237 -0.25846 -3.55027 0.478965 0.824172
seq02_02/frame-000950 -0.0113482 -0.0381911 0.939477 -0.340286 -3.49464 0.389378 0.864119
seq02_02/frame-000960 0.0187517 -0.137907 0.911726 -0.386504 -3.29813 0.367501 0.910541
seq02_02/frame-000970 0.02533 -0.0774862 0.888801 -0.450984 -3.01348 0.429807 0.974965
seq02_02/frame-000980 0.0363601 -0.0570278 0.874148 -0.480928 -2.76587 0.483523 0.985023
seq02_02/frame-000990 -0.0405475 0.00372149 0.85059 -0.52425 -2.71787 0.430804 0.983296
seq02_02/frame-001000 -0.0947989 0.0730003 0.846242 -0.51919 -2.70296 0.308741 0.937448
seq02_02/frame-001010 -0.116932 0.147323 0.835237 -0.516723 -2.64671 0.215093 0.936993
seq02_02/frame-001020 -0.0175518 -0.0133676 0.880113 -0.47425 -2.52083 0.16134 0.920521
seq02_02/frame-001030 0.0895212 -0.243388 0.861229 -0.437074 -2.37702 0.262358 0.899148
seq02_02/frame-001040 0.126447 -0.333623 0.832225 -0.424392 -2.33625 0.437155 0.905625
seq02_02/frame-001050 0.172817 -0.353154 0.825523 -0.40488 -2.28946 0.613355 0.903541
seq02_02/frame-001060 0.228197 -0.392886 0.791535 -0.408705 -2.21947 0.796486 0.941937
seq02_02/frame-001070 0.245981 -0.438303 0.760304 -0.411487 -2.17801 0.919649 0.960727
seq02_02/frame-001080 0.221069 -0.452516 0.762589 -0.405976 -2.20174 0.946606 0.960397
seq02_02/frame-001090 0.201872 -0.439006 0.783966 -0.389768 -2.30552 0.815729 0.932871
seq02_02/frame-001100 0.193294 -0.531076 0.746354 -0.351499 -2.39291 0.542636 0.882888
seq02_02/frame-001110 0.219295 -0.606858 0.701793 -0.301859 -2.45148 0.348538 0.8499
seq02_02/frame-001120 0.241574 -0.654149 0.678187 -0.231937 -2.44207 0.208102 0.765617
seq02_02/frame-001130 0.172173 -0.628747 0.724083 -0.225248 -2.34762 0.183143 0.734554
seq02_02/frame-001140 0.26826 -0.518367 0.737513 -0.339716 -2.22924 0.226317 0.899675
seq02_02/frame-001150 0.348767 -0.472182 0.684884 -0.431669 -2.14868 0.326916 1.09885
seq02_02/frame-001160 0.376784 -0.47821 0.650957 -0.453436 -2.07889 0.411555 1.25053
seq02_02/frame-001170 0.418285 -0.536269 0.584438 -0.442589 -2.02519 0.48761 1.30981
seq02_02/frame-001180 0.412532 -0.489498 0.594494 -0.486607 -2.02231 0.493019 1.36594
seq02_02/frame-001190 0.398415 -0.425765 0.588478 -0.560074 -2.07111 0.502693 1.43609
seq02_02/frame-001200 -0.404272 0.391948 -0.54451 0.62165 -2.11791 0.55811 1.52878
seq02_02/frame-001210 -0.408357 0.34831 -0.49559 0.682873 -2.17364 0.635884 1.61257
seq02_02/frame-001220 -0.355098 0.324875 -0.602435 0.636736 -2.19615 0.680896 1.52232
seq02_02/frame-001230 0.278461 -0.300781 0.657593 -0.632108 -2.26777 0.724999 1.47401
seq02_02/frame-001240 0.244821 -0.296843 0.679467 -0.624718 -2.31731 0.726957 1.44621
seq02_02/frame-001250 0.184396 -0.246752 0.720992 -0.62071 -2.39149 0.697446 1.41144
seq02_02/frame-001260 0.120757 -0.183992 0.751979 -0.621363 -2.46746 0.671654 1.39804
seq02_02/frame-001270 0.11609 -0.138792 0.750891 -0.635156 -2.52055 0.661721 1.40235
seq02_02/frame-001280 -0.164832 0.158338 -0.657769 0.717704 -2.51367 0.713363 1.50489
seq02_02/frame-001290 -0.218465 0.161223 -0.548198 0.79105 -2.51987 0.785648 1.5988
seq02_02/frame-001300 -0.17161 0.122115 -0.535107 0.818107 -2.55646 0.811079 1.63175
seq02_02/frame-001310 -0.0780268 0.0605151 -0.564495 0.819508 -2.60951 0.797839 1.62997
seq02_02/frame-001320 0.00536358 0.00231181 -0.586356 0.810033 -2.6748 0.783984 1.6262
seq02_02/frame-001330 0.0996231 -0.0610219 -0.611736 0.782388 -2.70568 0.764842 1.61959
seq02_02/frame-001340 0.0930576 -0.077144 -0.653051 0.747605 -2.70491 0.726473 1.56315
seq02_02/frame-001350 -0.0785709 0.0506294 0.723728 -0.683725 -2.67758 0.683389 1.46844
seq02_02/frame-001360 -0.0556097 0.0151694 0.766046 -0.640196 -2.6391 0.663563 1.41066
seq02_02/frame-001370 0.0349811 -0.083109 0.763853 -0.63906 -2.5502 0.680102 1.38361
seq02_02/frame-001380 0.122521 -0.181169 0.751916 -0.621923 -2.45232 0.713291 1.36783
seq02_02/frame-001390 0.155158 -0.220689 0.719987 -0.639407 -2.40919 0.756347 1.3922
seq02_02/frame-001400 0.226406 -0.274294 0.705429 -0.613085 -2.38576 0.787649 1.40689
seq02_02/frame-001410 0.237321 -0.329899 0.743558 -0.531005 -2.33244 0.78282 1.36564
seq02_02/frame-001420 0.228907 -0.368764 0.776304 -0.457129 -2.30047 0.772202 1.31139
seq02_02/frame-001430 0.169267 -0.30196 0.813201 -0.467839 -2.34988 0.740284 1.2828
seq02_02/frame-001440 0.115924 -0.218633 0.843167 -0.477316 -2.45016 0.664982 1.2724
seq02_02/frame-001450 0.108791 -0.200889 0.849379 -0.475777 -2.54753 0.584529 1.25599
seq02_02/frame-001460 0.131482 -0.257044 0.82778 -0.481062 -2.60255 0.435845 1.23743
seq02_02/frame-001470 0.10686 -0.28434 0.853061 -0.424286 -2.60636 0.188207 1.12826
seq02_02/frame-001480 0.135087 -0.268415 0.875796 -0.377737 -2.61138 -0.0782779 1.00659
seq02_02/frame-001490 0.143446 -0.319117 0.868049 -0.352248 -2.60834 -0.19727 0.895934
seq02_02/frame-001500 0.213087 -0.434096 0.824239 -0.29459 -2.62194 -0.387708 0.770323
seq02_02/frame-001510 0.255056 -0.518319 0.762156 -0.29225 -2.6302 -0.510893 0.725444
seq02_02/frame-001520 0.240653 -0.462889 0.794324 -0.311238 -2.67119 -0.595321 0.714105
seq02_02/frame-001530 0.246818 -0.452997 0.788713 -0.334375 -2.66434 -0.580849 0.737162
seq02_02/frame-001540 0.278489 -0.486261 0.750662 -0.349999 -2.57862 -0.524376 0.787274
seq02_02/frame-001550 0.163475 -0.394489 0.820694 -0.379626 -2.56979 -0.500453 0.825004
seq02_02/frame-001560 0.0876307 -0.207383 0.893371 -0.388846 -2.70492 -0.521203 0.845289
seq02_02/frame-001570 0.0398108 -0.083433 0.915963 -0.390469 -2.82998 -0.524773 0.855191
seq02_02/frame-001580 0.0323643 -0.0484517 0.906547 -0.418065 -2.88931 -0.537089 0.88551
seq02_02/frame-001590 0.00561109 -0.0121022 0.893159 -0.449543 -2.94936 -0.537492 0.944755
seq02_02/frame-001600 -0.0161496 0.0260944 0.860733 -0.50813 -3.02638 -0.529045 1.02877
seq02_02/frame-001610 -0.00956978 -0.0183899 0.8538 -0.52019 -2.98245 -0.50513 1.14417
seq02_02/frame-001620 0.0417955 -0.10847 0.843568 -0.52429 -2.79325 -0.467869 1.20133
seq02_02/frame-001630 0.105419 -0.155271 0.829843 -0.525488 -2.58389 -0.428141 1.21985
seq02_02/frame-001640 0.135478 -0.202117 0.814409 -0.526813 -2.44585 -0.393055 1.22728
seq02_02/frame-001650 0.162729 -0.246518 0.790217 -0.536941 -2.35946 -0.346461 1.24274
seq02_02/frame-001660 0.187063 -0.260541 0.760863 -0.564104 -2.3229 -0.31368 1.27212
seq02_02/frame-001670 0.211718 -0.239552 0.685219 -0.654419 -2.34128 -0.271551 1.36915
seq02_02/frame-001680 -0.233525 0.20997 -0.631516 0.708919 -2.37289 -0.242451 1.43581
seq02_02/frame-001690 -0.238599 0.194201 -0.59592 0.741779 -2.39229 -0.214429 1.49864
seq02_02/frame-001700 -0.271068 0.188019 -0.568633 0.753543 -2.40252 -0.181927 1.536
seq02_02/frame-001710 -0.193722 0.208091 -0.642264 0.711805 -2.38483 -0.161314 1.51417
seq02_02/frame-001720 0.090255 -0.291461 0.759373 -0.574681 -2.37802 -0.154883 1.33069
seq02_02/frame-001730 0.111938 -0.316125 0.797412 -0.501665 -2.35571 -0.0954919 1.22866
seq02_02/frame-001740 0.156397 -0.322477 0.805446 -0.472022 -2.2689 0.0155127 1.17948
seq02_02/frame-001750 0.211682 -0.368875 0.777214 -0.463747 -2.17323 0.135887 1.179
seq02_02/frame-001760 0.274607 -0.465453 0.721081 -0.433574 -2.04609 0.350876 1.16757
seq02_02/frame-001770 0.260534 -0.456855 0.730575 -0.435506 -1.90211 0.652962 1.14808
seq02_02/frame-001780 0.305036 -0.525772 0.67101 -0.424573 -1.88188 0.901881 1.1408
seq02_02/frame-001790 -0.364953 0.612307 -0.593593 0.373546 -1.98633 1.25946 1.13466
seq02_02/frame-001800 -0.431434 0.72196 -0.466448 0.273982 -2.13629 1.60842 1.15138
seq02_02/frame-001810 -0.478919 0.773607 -0.362731 0.201483 -2.28582 1.88424 1.18353
seq02_02/frame-001820 -0.470682 0.805195 -0.306459 0.190273 -2.36108 2.05848 1.19132
seq02_02/frame-001830 -0.426296 0.839705 -0.296553 0.15882 -2.48182 2.13908 1.17619
seq02_02/frame-001840 -0.431464 0.859079 -0.255686 0.102213 -2.73468 2.18559 1.19063
seq02_02/frame-001850 -0.422846 0.884969 -0.180283 0.0743568 -2.90195 2.20977 1.18301
seq02_02/frame-001860 -0.436952 0.895117 -0.0785885 0.0407647 -3.00799 2.18178 1.1865
seq02_02/frame-001870 -0.4426 0.896513 0.0176111 -0.00775619 -3.11099 2.13895 1.19173
seq02_02/frame-001880 -0.450698 0.881975 0.127776 -0.0516374 -3.26252 2.10618 1.19949
seq02_02/frame-001890 -0.464809 0.856232 0.205036 -0.0936953 -3.38847 2.09125 1.21675
seq02_02/frame-001900 0.509011 -0.79805 -0.276972 0.165255 -3.48909 2.06493 1.25919
seq02_02/frame-001910 0.585089 -0.732933 -0.268367 0.220134 -3.49558 2.03778 1.35837
seq02_02/frame-001920 0.670392 -0.649803 -0.250642 0.255948 -3.45844 1.99448 1.47562
seq02_02/frame-001930 0.727845 -0.597537 -0.22696 0.248357 -3.42493 1.95522 1.54107
seq02_02/frame-001940 0.786231 -0.54171 -0.175613 0.239898 -3.38345 1.91915 1.60417
seq02_02/frame-001950 0.843986 -0.48425 -0.114924 0.199956 -3.32091 1.88787 1.65996
seq02_02/frame-001960 0.866844 -0.480146 -0.0492492 0.124964 -3.25489 1.89354 1.67147
seq02_02/frame-001970 0.85824 -0.511295 0.00381622 0.0445718 -3.16189 1.92702 1.66071
seq02_02/frame-001980 0.843842 -0.536264 0.0159543 -0.00985847 -3.05377 1.95256 1.6585
seq02_02/frame-001990 0.770813 -0.636408 -0.0200521 0.0207448 -3.03935 2.02454 1.58469
seq02_02/frame-002000 0.659932 -0.749429 -0.0341671 0.0409745 -3.03381 2.12176 1.44948
seq02_02/frame-002010 0.582599 -0.810574 -0.0340199 0.0488764 -3.00947 2.17297 1.34615
seq02_02/frame-002020 0.522483 -0.852113 0.00284354 0.0300686 -2.94314 2.19546 1.26136
seq02_02/frame-002030 -0.48947 0.859705 -0.1386 0.0460085 -2.77195 2.17232 1.20511
seq02_02/frame-002040 -0.490972 0.8292 -0.244679 0.107262 -2.64818 2.11622 1.20467
seq02_02/frame-002050 -0.475991 0.794546 -0.340062 0.162749 -2.57223 2.03536 1.20907
seq02_02/frame-002060 -0.41484 0.732711 -0.48073 0.244829 -2.52481 1.91933 1.20219
seq02_02/frame-002070 -0.356428 0.679415 -0.578955 0.275982 -2.51422 1.83709 1.1671
seq02_02/frame-002080 0.301956 -0.607633 0.657982 -0.326595 -2.47722 1.71062 1.14118
seq02_02/frame-002090 0.293557 -0.550308 0.657974 -0.421966 -2.40095 1.56112 1.16535
seq02_02/frame-002100 0.277591 -0.487958 0.659465 -0.499946 -2.3175 1.33046 1.22576
seq02_02/frame-002110 0.253034 -0.394967 0.702519 -0.535203 -2.29884 1.03187 1.24095
seq02_02/frame-002120 0.178515 -0.270081 0.762935 -0.55957 -2.34634 0.751534 1.2512
seq02_02/frame-002130 0.0712647 -0.153931 0.82584 -0.537787 -2.40649 0.46924 1.21088
seq02_02/frame-002140 -0.0292342 -0.0565091 0.8494 -0.523901 -2.49107 0.277982 1.18557
seq02_02/frame-002150 -0.105477 0.0745196 0.855153 -0.50203 -2.60539 0.129481 1.1624
seq02_02/frame-002160 -0.152996 0.206489 0.843078 -0.472412 -2.70742 0.00437668 1.13841
seq02_02/frame-002170 -0.241509 0.282896 0.803856 -0.464175 -2.80421 -0.0736843 1.15353
seq02_02/frame-002180 -0.261827 0.295101 0.778716 -0.487816 -2.912 -0.177476 1.19629
seq02_02/frame-002190 -0.319004 0.30096 0.709552 -0.551539 -2.98915 -0.192989 1.33388
seq02_02/frame-002200 0.411193 -0.299715 -0.590682 0.626248 -3.00827 -0.190254 1.47751
seq02_02/frame-002210 0.440702 -0.26737 -0.525518 0.67685 -2.97436 -0.180191 1.58413
seq02_02/frame-002220 0.482861 -0.256668 -0.427851 0.71966 -2.91234 -0.134824 1.61322
seq02_02/frame-002230 0.466161 -0.247816 -0.439495 0.726723 -2.89563 -0.110342 1.59091
seq02_02/frame-002240 0.397741 -0.278697 -0.532973 0.692871 -2.93064 -0.0886787 1.53508
seq02_02/frame-002250 -0.319882 0.330894 0.640247 -0.615036 -2.98208 -0.0527229 1.45183
seq02_02/frame-002260 -0.268286 0.326243 0.69671 -0.579814 -2.99966 -0.034037 1.38676
seq02_02/frame-002270 -0.252286 0.336336 0.724428 -0.546291 -3.01162 -0.014896 1.35341
seq02_02/frame-002280 -0.207466 0.342387 0.783426 -0.475366 -3.01406 -0.000699192 1.30939
seq02_02/frame-002290 -0.177006 0.382102 0.840921 -0.33988 -3.03102 0.0287702 1.20291