seq03_02/frame-000000 0.537655 -0.749832 0.325312 -0.207005 -0.705536 -0.108651 1.74902
seq03_02/frame-000010 0.503119 -0.746933 0.367343 -0.232425 -0.681848 -0.123204 1.74223
seq03_02/frame-000020 -0.464038 0.727676 -0.427966 0.268329 -0.643616 -0.15716 1.7391
seq03_02/frame-000030 -0.441823 0.702843 -0.471439 0.297574 -0.586286 -0.166252 1.74562
seq03_02/frame-000040 -0.397915 0.700422 -0.505139 0.309691 -0.47732 -0.178057 1.74081
seq03_02/frame-000050 -0.438947 0.689802 -0.492 0.299057 -0.335969 -0.202997 1.737
seq03_02/frame-000060 -0.420704 0.707404 -0.495929 0.276841 -0.181275 -0.25964 1.72411
seq03_02/frame-000070 -0.443404 0.754408 -0.416287 0.246912 -0.0538323 -0.342536 1.71568
seq03_02/frame-000080 -0.444192 0.805429 -0.346199 0.184728 0.063062 -0.370993 1.70844
seq03_02/frame-000090 -0.44528 0.81752 -0.319529 0.176885 0.234831 -0.325636 1.69267
seq03_02/frame-000100 -0.456753 0.823961 -0.289384 0.169475 0.431376 -0.248294 1.71239
seq03_02/frame-000110 -0.450953 0.833116 -0.28311 0.149692 0.628565 -0.206528 1.68544
seq03_02/frame-000120 -0.464225 0.852079 -0.212022 0.116205 0.853475 -0.165144 1.68574
seq03_02/frame-000130 -0.458006 0.870972 -0.163768 0.06942 1.02369 -0.106385 1.67707
seq03_02/frame-000140 -0.46919 0.872321 -0.125649 0.055945 1.22707 -0.00661127 1.66748
seq03_02/frame-000150 -0.454071 0.881151 -0.121109 0.0521925 1.43274 0.103141 1.67397
seq03_02/frame-000160 -0.456481 0.888656 -0.0420386 0.0121368 1.60859 0.210467 1.65307
seq03_02/frame-000170 -0.453036 0.888756 0.0621387 -0.0317908 1.75784 0.297536 1.67152
seq03_02/frame-000180 -0.445138 0.883291 0.126502 -0.075139 1.87358 0.385058 1.65571
seq03_02/frame-000190 -0.422787 0.868745 0.234354 -0.107756 1.9965 0.525313 1.65377
seq03_02/frame-000200 -0.42862 0.845325 0.283796 -0.145506 2.09967 0.592629 1.67362
seq03_02/frame-000210 -0.372897 0.795672 0.437058 -0.191927 2.20288 0.613632 1.64161
seq03_02/frame-000220 -0.340023 0.733546 0.529548 -0.256658 2.28027 0.588076 1.64889
seq03_02/frame-000230 -0.343223 0.708393 0.544475 -0.289695 2.31359 0.583686 1.66186
seq03_02/frame-000240 -0.35538 0.724438 0.51884 -0.28231 2.32833 0.636813 1.6624
seq03_02/frame-000250 -0.35601 0.739514 0.505392 -0.266375 2.28299 0.749606 1.64489
seq03_02/frame-000260 -0.366912 0.741388 0.500759 -0.254869 2.17842 0.919541 1.65327
seq03_02/frame-000270 -0.357229 0.739834 0.504508 -0.265527 2.09744 1.08331 1.63563
seq03_02/frame-000280 -0.351978 0.707763 0.548737 -0.27216 2.05256 1.22871 1.62161
seq03_02/frame-000290 -0.30728 0.66758 0.60286 -0.310607 1.99616 1.32081 1.59422
seq03_02/frame-000300 -0.286964 0.579591 0.697876 -0.307725 1.88221 1.41193 1.57305
seq03_02/frame-000310 -0.238623 0.534579 0.742688 -0.325111 1.79378 1.49353 1.56723
seq03_02/frame-000320 -0.242285 0.528622 0.755676 -0.30135 1.75032 1.6506 1.56528
seq03_02/frame-000330 -0.26515 0.569424 0.722926 -0.287802 1.70955 1.83265 1.57853
seq03_02/frame-000340 -0.285445 0.645474 0.647954 -0.286429 1.69292 1.97538 1.57389
seq03_02/frame-000350 -0.326847 0.69026 0.583399 -0.27633 1.706 2.04919 1.58887
seq03_02/frame-000360 -0.373858 0.699525 0.54224 -0.277257 1.71638 2.07021 1.61013
seq03_02/frame-000370 -0.447777 0.682732 0.503555 -0.282497 1.70794 2.08388 1.57227
seq03_02/frame-000380 -0.431908 0.703409 0.482102 -0.293684 1.66811 2.15616 1.44303
seq03_02/frame-000390 -0.448927 0.681107 0.478832 -0.324468 1.63605 2.19501 1.38428
seq03_02/frame-000400 -0.47391 0.622987 0.518807 -0.343708 1.60595 2.15544 1.42222
seq03_02/frame-000410 -0.482118 0.570384 0.557475 -0.362554 1.59616 2.03317 1.5174
seq03_02/frame-000420 -0.434929 0.601737 0.574993 -0.343704 1.6369 1.82027 1.6086
seq03_02/frame-000430 -0.362363 0.59311 0.632505 -0.341834 1.69036 1.56346 1.65233
seq03_02/frame-000440 -0.320478 0.548249 0.705241 -0.315201 1.70801 1.36383 1.66632
seq03_02/frame-000450 -0.28752 0.574353 0.706944 -0.296111 1.69856 1.18095 1.6358
seq03_02/frame-000460 -0.29544 0.568153 0.709398 -0.2944 1.70303 1.01233 1.65618
seq03_02/frame-000470 -0.316985 0.578482 0.687599 -0.303459 1.71289 0.833861 1.66651
seq03_02/frame-000480 -0.379093 0.635821 0.614178 -0.273505 1.70131 0.690188 1.6959
seq03_02/frame-000490 -0.390258 0.677485 0.57085 -0.250683 1.60102 0.578905 1.68792
seq03_02/frame-000500 -0.398429 0.725927 0.506565 -0.240159 1.44029 0.492682 1.70001
seq03_02/frame-000510 -0.419303 0.74302 0.472372 -0.221291 1.29129 0.379542 1.6917
seq03_02/frame-000520 -0.390244 0.803929 0.411351 -0.179439 1.14649 0.246973 1.67347
seq03_02/frame-000530 -0.387094 0.832797 0.370327 -0.139518 1.01694 0.157838 1.67022
seq03_02/frame-000540 -0.412236 0.85029 0.293879 -0.143886 0.84696 0.0788262 1.67548
seq03_02/frame-000550 -0.428845 0.84806 0.284017 -0.127362 0.665381 -0.00191576 1.68717
seq03_02/frame-000560 -0.432577 0.866243 0.225581 -0.107769 0.507075 -0.0880777 1.67245
seq03_02/frame-000570 -0.419934 0.881616 0.200807 -0.0780139 0.355559 -0.175265 1.66662
seq03_02/frame-000580 -0.41922 0.896124 0.131576 -0.0624799 0.216602 -0.20273 1.64679
seq03_02/frame-000590 -0.41759 0.906739 0.0418656 -0.0410936 0.0518666 -0.209001 1.65166
seq03_02/frame-000600 -0.435479 0.899761 0.028 -0.00230218 -0.110064 -0.256742 1.66083
seq03_02/frame-000610 -0.422333 0.899736 -0.0970225 0.0519333 -0.252041 -0.345384 1.64382
seq03_02/frame-000620 -0.421486 0.888048 -0.15249 0.10231 -0.356237 -0.385283 1.64652
seq03_02/frame-000630 -0.426691 0.878092 -0.183835 0.114436 -0.508841 -0.31843 1.6462
seq03_02/frame-000640 -0.460479 0.872199 -0.124792 0.107961 -0.724623 -0.209219 1.67683
seq03_02/frame-000650 -0.472897 0.867384 -0.117173 0.101412 -0.876179 -0.113323 1.68491
seq03_02/frame-000660 -0.469545 0.86977 -0.106741 0.10786 -0.977786 -0.036055 1.67522
seq03_02/frame-000670 -0.480438 0.870995 -0.0730208 0.0722226 -1.02348 0.0653497 1.67773
seq03_02/frame-000680 -0.475925 0.87803 -0.0378958 0.0335096 -1.01462 0.220002 1.66805
seq03_02/frame-000690 -0.453884 0.890651 -0.0169927 0.0210166 -1.01456 0.353788 1.64175
seq03_02/frame-000700 -0.431217 0.901934 -0.0221404 0.00875274 -1.01819 0.499852 1.6075
seq03_02/frame-000710 -0.407396 0.913226 0.000461561 -0.00675556 -1.01856 0.596303 1.55999
seq03_02/frame-000720 -0.362371 0.929957 0.0339982 -0.0520635 -1.00064 0.641251 1.52046
seq03_02/frame-000730 -0.353558 0.922857 0.139657 -0.0618685 -0.921921 0.665484 1.51509
seq03_02/frame-000740 -0.351369 0.915127 0.192353 -0.045643 -0.834157 0.698131 1.50207
seq03_02/frame-000750 -0.336108 0.91788 0.203136 -0.0571352 -0.802983 0.74227 1.48402
seq03_02/frame-000760 -0.376304 0.900878 0.212588 -0.0402644 -0.770667 0.815994 1.49633
seq03_02/frame-000770 -0.374074 0.897433 0.225442 -0.0621155 -0.723797 0.926884 1.46804
seq03_02/frame-000780 -0.368156 0.891187 0.252995 -0.0790023 -0.682388 1.03336 1.42675
seq03_02/frame-000790 -0.396339 0.879829 0.236984 -0.112492 -0.657108 1.08233 1.4187
seq03_02/frame-000800 -0.396883 0.882645 0.226222 -0.110654 -0.640015 1.09317 1.41412
seq03_02/frame-000810 -0.40155 0.895987 0.17856 -0.0638777 -0.591882 1.08341 1.41508
seq03_02/frame-000820 -0.445956 0.890772 0.0859998 -0.01592 -0.543759 1.02844 1.47114
seq03_02/frame-000830 -0.461469 0.886135 -0.0219386 0.0364701 -0.563832 0.873483 1.53868
seq03_02/frame-000840 -0.46488 0.869058 -0.150513 0.0772681 -0.632403 0.662049 1.60227
seq03_02/frame-000850 -0.48491 0.833149 -0.236781 0.121077 -0.646803 0.488009 1.64633
seq03_02/frame-000860 -0.463039 0.806674 -0.318983 0.181995 -0.643644 0.304734 1.63723
seq03_02/frame-000870 -0.442174 0.757408 -0.422196 0.229272 -0.659336 0.0959355 1.65232
seq03_02/frame-000880 -0.404298 0.717674 -0.507586 0.252674 -0.66256 0.0150349 1.6371
seq03_02/frame-000890 -0.376367 0.713078 -0.538046 0.245709 -0.645394 -0.0725515 1.59877
seq03_02/frame-000900 -0.398666 0.750896 -0.469796 0.237723 -0.574567 -0.171021 1.57491
seq03_02/frame-000910 -0.398377 0.756276 -0.44883 0.260565 -0.519125 -0.224534 1.45216
seq03_02/frame-000920 -0.412565 0.737164 -0.44647 0.295034 -0.497859 -0.16484 1.19785
seq03_02/frame-000930 -0.448285 0.739385 -0.429753 0.260122 -0.522199 -0.106596 0.985544
seq03_02/frame-000940 -0.440925 0.723231 -0.437116 0.302413 -0.548654 -0.0682976 0.864382
seq03_02/frame-000950 -0.422471 0.71052 -0.448686 0.339651 -0.55984 -0.0424708 0.758316
seq03_02/frame-000960 -0.428341 0.752929 -0.415024 0.278167 -0.592095 0.00713603 0.70403
seq03_02/frame-000970 -0.473089 0.774586 -0.346437 0.237034 -0.648854 0.0669348 0.714386
seq03_02/frame-000980 0.506356 -0.79188 0.278202 -0.197825 -0.720771 0.12289 0.72348
seq03_02/frame-000990 0.539717 -0.801618 0.201029 -0.160318 -0.79788 0.168595 0.739929
seq03_02/frame-001000 0.567352 -0.799679 0.147938 -0.129386 -0.852485 0.192391 0.757953
seq03_02/frame-001010 0.58171 -0.800245 0.1078 -0.097982 -0.890532 0.20853 0.766903
seq03_02/frame-001020 0.588357 -0.800775 0.084633 -0.0737216 -0.91686 0.225834 0.775627
seq03_02/frame-001030 0.603087 -0.790544 0.0725154 -0.0779031 -0.944093 0.241266 0.793127
seq03_02/frame-001040 0.628467 -0.774058 0.0451477 -0.06185 -0.983622 0.242812 0.81971
seq03_02/frame-001050 0.640778 -0.764192 0.0347002 -0.0648922 -1.01201 0.241594 0.834328
seq03_02/frame-001060 0.612138 -0.781822 0.0805466 -0.08691 -1.03399 0.265109 0.824943
seq03_02/frame-001070 0.618322 -0.777016 0.0794322 -0.087262 -1.04587 0.318622 0.828087
seq03_02/frame-001080 0.640569 -0.759083 0.059599 -0.0995597 -1.03757 0.40724 0.832628
seq03_02/frame-001090 0.607956 -0.790288 0.0240055 -0.0725178 -1.01086 0.448816 0.811499
seq03_02/frame-001100 0.569352 -0.818218 -0.0767365 0.0216278 -1.05654 0.401823 0.800712
seq03_02/frame-001110 0.583167 -0.804625 -0.0955206 0.0580549 -1.06738 0.34253 0.826821
seq03_02/frame-001120 0.597467 -0.801347 -0.0234953 -0.0180111 -0.91082 0.376379 0.802403
seq03_02/frame-001130 0.56155 -0.823188 0.0350904 -0.0760983 -0.774154 0.511535 0.71016
seq03_02/frame-001140 0.538486 -0.841271 0.0436594 -0.0197526 -0.73691 0.701935 0.61641
seq03_02/frame-001150 0.539139 -0.842066 -0.00419611 0.0154342 -0.774247 0.78615 0.61303
seq03_02/frame-001160 0.549922 -0.834926 -0.0083789 0.0204048 -0.794377 0.797795 0.62205
seq03_02/frame-001170 0.527041 -0.849181 -0.00212 0.0334187 -0.837822 0.741701 0.65096
seq03_02/frame-001180 0.527557 -0.842678 -0.058045 0.0906119 -0.936526 0.629415 0.66993
seq03_02/frame-001190 0.574249 -0.815061 -0.0755912 0.014128 -1.06013 0.502783 0.728453
seq03_02/frame-001200 0.575169 -0.817798 -0.0179372 0.00813938 -1.23831 0.484187 0.744134
seq03_02/frame-001210 0.571039 -0.820566 0.0175353 -0.0167322 -1.39521 0.564918 0.748754
seq03_02/frame-001220 0.612261 -0.78662 0.0557085 -0.0571103 -1.46427 0.632191 0.782507
seq03_02/frame-001230 0.630387 -0.759106 0.0967776 -0.130407 -1.53037 0.686679 0.773886
seq03_02/frame-001240 0.618444 -0.774285 0.0975107 -0.0922078 -1.58141 0.747137 0.771858
seq03_02/frame-001250 0.626653 -0.772064 0.0882407 -0.0586199 -1.62578 0.746962 0.780085
seq03_02/frame-001260 0.625033 -0.774877 0.0740336 -0.0584682 -1.6463 0.74883 0.783092
seq03_02/frame-001270 0.61357 -0.77575 0.106742 -0.101739 -1.61672 0.747831 0.77222
seq03_02/frame-001280 0.605473 -0.777852 0.12086 -0.117223 -1.56 0.701425 0.782677
seq03_02/frame-001290 0.615707 -0.770561 0.119593 -0.113305 -1.49473 0.616972 0.815572
seq03_02/frame-001300 0.604792 -0.784219 0.102226 -0.0936908 -1.42561 0.517864 0.847354
seq03_02/frame-001310 0.572273 -0.817858 0.0508536 -0.0320606 -1.38338 0.424418 0.919576
seq03_02/frame-001320 0.575184 -0.817811 -0.0183624 -0.00331859 -1.30809 0.290569 1.02641
seq03_02/frame-001330 0.57947 -0.814431 -0.0182754 0.0241066 -1.18644 0.232584 1.06098
seq03_02/frame-001340 0.595879 -0.801211 -0.052495 0.0153337 -1.09359 0.204435 1.06934
seq03_02/frame-001350 0.56786 -0.785632 -0.191513 0.153752 -1.12025 0.187153 1.08016
seq03_02/frame-001360 0.510386 -0.804814 -0.248907 0.172712 -1.15459 0.182426 1.17557
seq03_02/frame-001370 -0.460452 0.848427 0.237457 -0.108492 -1.15202 0.188679 1.25498
seq03_02/frame-001380 -0.481426 0.844825 0.215979 -0.0886141 -1.09862 0.111862 1.38745
seq03_02/frame-001390 -0.462163 0.86422 0.170346 -0.10252 -0.961751 -0.0697715 1.46864
seq03_02/frame-001400 -0.463782 0.872363 0.148945 -0.0413033 -0.846348 -0.214639 1.49546
seq03_02/frame-001410 -0.471357 0.871536 0.134495 -0.0125897 -0.763199 -0.261798 1.51181
seq03_02/frame-001420 -0.483034 0.858685 0.16933 -0.025794 -0.666413 -0.241366 1.53124
seq03_02/frame-001430 -0.472124 0.810192 0.323956 -0.125466 -0.566738 -0.245196 1.56411
seq03_02/frame-001440 -0.484213 0.774809 0.370813 -0.166454 -0.442576 -0.279403 1.59155
seq03_02/frame-001450 -0.466577 0.757061 0.426961 -0.163917 -0.267621 -0.286344 1.56128
seq03_02/frame-001460 -0.430785 0.712194 0.512469 -0.211137 -0.12035 -0.295015 1.57083
seq03_02/frame-001470 -0.367118 0.639892 0.615064 -0.278316 0.000120163 -0.268835 1.55381
seq03_02/frame-001480 -0.372411 0.623252 0.628281 -0.279517 0.116322 -0.197971 1.5724
seq03_02/frame-001490 -0.397085 0.68399 0.557906 -0.251439 0.212278 -0.137709 1.58395
seq03_02/frame-001500 -0.398476 0.734757 0.496938 -0.233242 0.335912 -0.185393 1.57838
seq03_02/frame-001510 -0.388608 0.727221 0.519613 -0.223908 0.425932 -0.272349 1.56881
seq03_02/frame-001520 -0.354508 0.69503 0.572032 -0.253052 0.481186 -0.299058 1.55991
seq03_02/frame-001530 -0.319145 0.58679 0.675122 -0.313106 0.588378 -0.304809 1.56548
seq03_02/frame-001540 -0.307605 0.53011 0.713061 -0.340451 0.699604 -0.278546 1.5873
seq03_02/frame-001550 -0.319086 0.571759 0.682072 -0.325659 0.786087 -0.229807 1.58653
seq03_02/frame-001560 -0.343886 0.593934 0.639073 -0.347235 0.921187 -0.204773 1.60834
seq03_02/frame-001570 -0.394971 0.545245 0.612844 -0.413679 1.04599 -0.233337 1.6703
seq03_02/frame-001580 -0.411693 0.520641 0.605992 -0.438425 1.10041 -0.230952 1.70139
seq03_02/frame-001590 -0.401303 0.5151 0.625313 -0.42733 1.08248 -0.204212 1.69734
seq03_02/frame-001600 -0.376282 0.522859 0.637295 -0.422949 1.06625 -0.176264 1.67622
seq03_02/frame-001610 -0.386625 0.515423 0.630102 -0.433395 1.06159 -0.163091 1.68026
seq03_02/frame-001620 -0.388344 0.518613 0.632366 -0.424669 0.962106 -0.180664 1.66762
seq03_02/frame-001630 -0.414114 0.533067 0.611601 -0.412667 0.757851 -0.235621 1.66662
seq03_02/frame-001640 -0.416757 0.557003 0.59477 -0.402876 0.571658 -0.280289 1.66888
seq03_02/frame-001650 -0.364333 0.525551 0.639005 -0.42747 0.369383 -0.295474 1.63844
seq03_02/frame-001660 -0.353799 0.484348 0.672805 -0.43309 0.128832 -0.301563 1.62575
seq03_02/frame-001670 -0.343176 0.481574 0.692081 -0.413934 0.0140296 -0.312751 1.61998
seq03_02/frame-001680 -0.345235 0.517415 0.672799 -0.400545 -0.0116879 -0.292588 1.63971
seq03_02/frame-001690 -0.413363 0.552415 0.606059 -0.395804 -0.00247753 -0.243282 1.70848
seq03_02/frame-001700 -0.460161 0.585688 0.547751 -0.381038 0.0403599 -0.216283 1.7504
seq03_02/frame-001710 -0.491857 0.593265 0.517059 -0.37251 0.16816 -0.243491 1.76705
seq03_02/frame-001720 -0.458636 0.616834 0.532259 -0.354783 0.381105 -0.321381 1.7276
seq03_02/frame-001730 -0.401596 0.592678 0.602444 -0.352867 0.536313 -0.377039 1.68108
seq03_02/frame-001740 -0.368921 0.560663 0.648193 -0.359724 0.687193 -0.327712 1.63664
seq03_02/frame-001750 -0.344299 0.576572 0.661374 -0.334078 0.832725 -0.245151 1.62081
seq03_02/frame-001760 -0.369631 0.637425 0.611594 -0.288124 0.946454 -0.185254 1.60993
seq03_02/frame-001770 -0.37988 0.693552 0.556951 -0.253935 1.05271 -0.193795 1.58876
seq03_02/frame-001780 -0.367766 0.726365 0.524071 -0.249984 1.15074 -0.235086 1.56603
seq03_02/frame-001790 -0.371895 0.726297 0.517933 -0.256772 1.1934 -0.248137 1.55029
seq03_02/frame-001800 -0.375654 0.748572 0.487678 -0.246361 1.22149 -0.222114 1.51147
seq03_02/frame-001810 -0.395163 0.782939 0.435229 -0.203542 1.22794 -0.194527 1.44995
seq03_02/frame-001820 -0.417415 0.810068 0.368931 -0.182877 1.2196 -0.164853 1.40567
seq03_02/frame-001830 -0.429607 0.827232 0.32119 -0.167214 1.25407 -0.128244 1.40898
seq03_02/frame-001840 -0.412494 0.813101 0.363222 -0.1918 1.23657 -0.155586 1.41145
seq03_02/frame-001850 -0.380448 0.72694 0.501991 -0.273537 1.17196 -0.296964 1.43729
seq03_02/frame-001860 -0.355067 0.672042 0.57813 -0.296737 1.14968 -0.387146 1.43504
seq03_02/frame-001870 -0.313919 0.618198 0.660157 -0.288926 1.17408 -0.447871 1.39557
seq03_02/frame-001880 -0.30891 0.570512 0.702983 -0.291385 1.2195 -0.436923 1.39415
seq03_02/frame-001890 -0.245425 0.490934 0.761731 -0.344262 1.25876 -0.351248 1.42445
seq03_02/frame-001900 -0.214451 0.394597 0.81423 -0.367877 1.28192 -0.25272 1.44942
seq03_02/frame-001910 -0.211442 0.370406 0.827255 -0.365705 1.38486 -0.168767 1.45214
seq03_02/frame-001920 -0.152585 0.293746 0.863247 -0.381099 1.58657 -0.085041 1.4403
seq03_02/frame-001930 -0.109916 0.190177 0.893631 -0.391376 1.7258 -0.0363859 1.4553
seq03_02/frame-001940 -0.0985293 0.114513 0.888993 -0.432284 1.78931 -0.0102902 1.49364
seq03_02/frame-001950 -0.082155 0.0844331 0.883426 -0.45352 1.81801 0.000370752 1.51254
seq03_02/frame-001960 -0.0501413 0.0324993 0.876138 -0.478343 1.86301 0.00274746 1.53421
seq03_02/frame-001970 -0.0149169 -0.0207081 0.87264 -0.487698 1.90841 0.0137395 1.54473
seq03_02/frame-001980 0.00743757 -0.0584665 0.872001 -0.485943 1.93475 0.0267444 1.5446
seq03_02/frame-001990 0.0715186 -0.141486 0.855977 -0.492108 1.96451 0.0586719 1.55168
seq03_02/frame-002000 0.13166 -0.229326 0.829123 -0.492575 1.93025 0.107481 1.55799
seq03_02/frame-002010 0.103664 -0.238724 0.838193 -0.479268 1.79859 0.138934 1.54217
seq03_02/frame-002020 0.0502691 -0.157589 0.864034 -0.475483 1.67407 0.141787 1.52536
seq03_02/frame-002030 0.0476169 -0.170794 0.863494 -0.472166 1.63491 0.128903 1.51297
seq03_02/frame-002040 0.130835 -0.283611 0.819759 -0.480044 1.60832 0.0646359 1.52158
seq03_02/frame-002050 0.200734 -0.415592 0.762057 -0.454157 1.50347 -0.00814826 1.52892
seq03_02/frame-002060 0.199968 -0.45128 0.747534 -0.444466 1.31962 -0.0430488 1.5038
seq03_02/frame-002070 0.255188 -0.520143 0.702921 -0.412594 1.13663 -0.0632006 1.51709
seq03_02/frame-002080 0.292286 -0.57329 0.670948 -0.368425 1.01031 -0.14181 1.49581
seq03_02/frame-002090 0.277864 -0.589709 0.664135 -0.366005 0.888651 -0.215948 1.49669
seq03_02/frame-002100 0.270721 -0.596291 0.664635 -0.359734 0.779099 -0.204992 1.49027
seq03_02/frame-002110 -0.311957 0.645136 -0.619016 0.321406 0.669386 -0.109338 1.49547
seq03_02/frame-002120 -0.389944 0.716431 -0.500175 0.290681 0.602876 0.00857339 1.53763
seq03_02/frame-002130 -0.435621 0.752806 -0.423039 0.254076 0.624153 0.0612273 1.55794
seq03_02/frame-002140 -0.472233 0.790677 -0.324935 0.215038 0.710902 0.0835699 1.57087
seq03_02/frame-002150 -0.488868 0.793286 -0.307153 0.193291 0.792039 0.102397 1.57408
seq03_02/frame-002160 -0.473541 0.761893 -0.365767 0.247978 0.911834 0.129822 1.56591
seq03_02/frame-002170 -0.407851 0.682547 -0.52252 0.30783 1.07616 0.0862796 1.55892
seq03_02/frame-002180 -0.362002 0.607223 -0.603644 0.368575 1.19772 0.0375406 1.55895
seq03_02/frame-002190 0.297265 -0.49835 0.700866 -0.414811 1.32794 -0.0607439 1.54357
seq03_02/frame-002200 0.206239 -0.347283 0.797979 -0.447315 1.45097 -0.175434 1.50698
seq03_02/frame-002210 0.148806 -0.279813 0.819701 -0.477128 1.50993 -0.180786 1.49852
seq03_02/frame-002220 0.0905498 -0.171941 0.827476 -0.526802 1.54789 -0.120706 1.5114
seq03_02/frame-002230 0.0819905 -0.143936 0.829743 -0.532997 1.59733 -0.0662087 1.50406
seq03_02/frame-002240 0.135787 -0.193864 0.7969 -0.555813 1.65338 -0.0998081 1.31817
seq03_02/frame-002250 0.102677 -0.189105 0.800337 -0.559604 1.67527 -0.198205 1.12492
seq03_02/frame-002260 0.13789 -0.209919 0.783057 -0.568983 1.78118 -0.241976 1.09385
seq03_02/frame-002270 0.184414 -0.252861 0.762724 -0.565953 1.90375 -0.201258 1.09651
seq03_02/frame-002280 0.186829 -0.256884 0.748359 -0.582293 2.01198 -0.141125 1.11006
seq03_02/frame-002290 0.14657 -0.218283 0.774399 -0.57548 2.04907 -0.130808 1.10363
seq03_02/frame-002300 0.116435 -0.188277 0.780612 -0.5845 2.01598 -0.167503 1.10902
seq03_02/frame-002310 0.116313 -0.180043 0.775301 -0.594108 1.97122 -0.207385 1.1204
seq03_02/frame-002320 0.142309 -0.189335 0.777359 -0.582764 1.96908 -0.206912 1.11812
seq03_02/frame-002330 0.160861 -0.197703 0.77359 -0.580169 2.01632 -0.164269 1.12341
seq03_02/frame-002340 0.17136 -0.216804 0.765931 -0.580501 2.08765 -0.0972267 1.13271
seq03_02/frame-002350 0.198335 -0.231784 0.754679 -0.58086 2.18097 -0.0371828 1.16594
seq03_02/frame-002360 0.219027 -0.245348 0.749651 -0.574331 2.26303 0.00123776 1.17131
seq03_02/frame-002370 0.212087 -0.274057 0.7536 -0.558568 2.38522 0.035801 1.15822
seq03_02/frame-002380 0.215016 -0.28558 0.755382 -0.549191 2.49491 0.0938399 1.17531
seq03_02/frame-002390 0.216234 -0.283107 0.750412 -0.556755 2.57476 0.188078 1.20008
seq03_02/frame-002400 0.234152 -0.29389 0.74586 -0.549997 2.62808 0.261886 1.22845
seq03_02/frame-002410 0.25076 -0.334517 0.730561 -0.539906 2.67212 0.29649 1.23668
seq03_02/frame-002420 0.253107 -0.333829 0.717624 -0.556338 2.7212 0.290807 1.24945
seq03_02/frame-002430 0.285523 -0.391356 0.707331 -0.514781 2.82431 0.305103 1.21073
seq03_02/frame-002440 0.303258 -0.417835 0.683329 -0.516244 2.8917 0.305859 1.20075
seq03_02/frame-002450 0.303037 -0.408326 0.674883 -0.534762 2.90261 0.296634 1.21713
seq03_02/frame-002460 0.27535 -0.382207 0.676855 -0.565657 2.90289 0.319122 1.2494
seq03_02/frame-002470 0.273652 -0.375704 0.705355 -0.535196 2.90699 0.384236 1.32235
seq03_02/frame-002480 0.22864 -0.324682 0.7139 -0.576759 2.86059 0.452542 1.40328
seq03_02/frame-002490 0.241211 -0.371529 0.753643 -0.485598 2.80075 0.506369 1.44286
seq03_02/frame-002500 0.296573 -0.499541 0.716743 -0.385722 2.74244 0.538996 1.52069
seq03_02/frame-002510 -0.335219 0.638743 -0.61638 0.315773 2.64697 0.53072 1.5758
seq03_02/frame-002520 -0.375971 0.696263 -0.548515 0.270177 2.56335 0.515233 1.61
seq03_02/frame-002530 -0.401659 0.72279 -0.498532 0.260215 2.44705 0.517673 1.61769
seq03_02/frame-002540 -0.412602 0.749318 -0.461073 0.235995 2.26532 0.470481 1.59621
seq03_02/frame-002550 -0.449244 0.766674 -0.410031 0.205584 2.20345 0.370423 1.5755
seq03_02/frame-002560 -0.404396 0.758111 -0.470912 0.199936 2.33584 0.221918 1.50497
seq03_02/frame-002570 -0.356833 0.766446 -0.475834 0.242514 2.54721 0.04768 1.35847
seq03_02/frame-002580 -0.384102 0.779968 -0.433207 0.237586 2.6635 -0.0306112 1.27656
seq03_02/frame-002590 -0.413369 0.764359 -0.436452 0.233222 2.76587 -0.0747381 1.24338
seq03_02/frame-002600 -0.412138 0.770779 -0.433762 0.218844 2.88144 -0.0645924 1.22739
seq03_02/frame-002610 -0.401149 0.786875 -0.420615 0.207342 2.95695 0.0235825 1.25625
seq03_02/frame-002620 -0.370301 0.817451 -0.411534 0.159032 3.00789 0.157382 1.32812
seq03_02/frame-002630 -0.350442 0.821715 -0.412093 0.179314 3.01212 0.282101 1.42424
seq03_02/frame-002640 -0.273312 0.810646 -0.484473 0.182865 2.98638 0.381114 1.50097
seq03_02/frame-002650 -0.239895 0.813922 -0.504786 0.158656 2.96951 0.437274 1.56725
seq03_02/frame-002660 -0.233517 0.820313 -0.511814 0.102974 2.99027 0.486443 1.60168
seq03_02/frame-002670 -0.2088 0.819568 -0.525993 0.0896841 3.01859 0.516296 1.63993
seq03_02/frame-002680 -0.206113 0.830904 -0.513397 0.0594887 3.03134 0.5435 1.65512
seq03_02/frame-002690 -0.203387 0.826082 -0.521785 0.0629462 3.0434 0.543359 1.66121
seq03_02/frame-002700 -0.199105 0.820955 -0.531093 0.0658108 3.05877 0.529258 1.6595
seq03_02/frame-002710 -0.206424 0.853188 -0.476974 0.0442361 3.05882 0.558154 1.65546
seq03_02/frame-002720 -0.229556 0.897513 -0.376012 0.0197522 3.01707 0.640656 1.65861
seq03_02/frame-002730 -0.233598 0.90825 -0.346266 0.0247774 2.97294 0.692133 1.66228
seq03_02/frame-002740 -0.265246 0.924423 -0.273152 0.0217852 2.90238 0.717189 1.67924
seq03_02/frame-002750 -0.353542 0.909873 -0.211609 0.0485789 2.8275 0.691448 1.71965
seq03_02/frame-002760 -0.449491 0.876535 -0.157833 0.0687922 2.76005 0.651199 1.75697
seq03_02/frame-002770 0.501324 -0.850193 0.13797 -0.0825377 2.72195 0.615261 1.78306
seq03_02/frame-002780 -0.476281 0.864889 -0.142766 0.0688648 2.72295 0.591355 1.78367
seq03_02/frame-002790 -0.457292 0.877763 -0.133939 0.0497698 2.77255 0.566314 1.76704
seq03_02/frame-002800 -0.466751 0.876249 -0.117057 0.0251147 2.83196 0.533789 1.75363
seq03_02/frame-002810 0.536185 -0.838345 0.0803295 -0.0568379 2.83041 0.529672 1.77345
seq03_02/frame-002820 0.621507 -0.777401 0.0361687 -0.0898273 2.78285 0.524006 1.83702
seq03_02/frame-002830 0.699289 -0.704881 0.0303114 -0.114976 2.73489 0.499288 1.89068
seq03_02/frame-002840 0.747725 -0.641631 0.0344583 -0.167425 2.64596 0.472885 1.92941
seq03_02/frame-002850 0.765778 -0.593905 0.0976703 -0.226543 2.51197 0.437905 1.95018
seq03_02/frame-002860 0.729008 -0.583334 0.200891 -0.296499 2.42249 0.396783 1.95271
seq03_02/frame-002870 0.67061 -0.601151 0.284244 -0.328793 2.40487 0.377929 1.93124
seq03_02/frame-002880 0.614474 -0.63974 0.338092 -0.314401 2.45054 0.417756 1.86091
seq03_02/frame-002890 0.600152 -0.653534 0.349492 -0.300943 2.492 0.465866 1.81758
seq03_02/frame-002900 0.627735 -0.632613 0.335133 -0.305672 2.53025 0.501297 1.80605
seq03_02/frame-002910 0.612254 -0.640823 0.339969 -0.314504 2.57475 0.539088 1.79602
seq03_02/frame-002920 0.611234 -0.621537 0.357076 -0.335531 2.61023 0.556114 1.80181
seq03_02/frame-002930 0.569019 -0.605458 0.413317 -0.372569 2.64706 0.538092 1.79007
seq03_02/frame-002940 -0.491144 0.551626 -0.485541 0.467693 2.64613 0.507414 1.78361
seq03_02/frame-002950 0.452544 -0.49364 0.525167 -0.525093 2.56206 0.541831 1.7932
seq03_02/frame-002960 0.407457 -0.443667 0.579973 -0.548423 2.33103 0.65789 1.79645
seq03_02/frame-002970 -0.416211 0.438591 -0.555063 0.571237 2.23959 0.707597 1.82282
seq03_02/frame-002980 -0.487761 0.434868 -0.497889 0.570162 2.22437 0.723577 1.86504
seq03_02/frame-002990 0.54965 -0.429837 0.440049 -0.565228 2.21838 0.729397 1.90632
seq03_02/frame-003000 0.638656 -0.411854 0.377852 -0.528888 2.19021 0.709469 1.94925
seq03_02/frame-003010 0.725036 -0.482238 0.296357 -0.392354 2.18023 0.710011 1.97773
seq03_02/frame-003020 0.70196 -0.570373 0.258738 -0.33909 2.16637 0.785732 1.96744
seq03_02/frame-003030 0.673828 -0.571411 0.307911 -0.353039 2.13318 0.872548 1.96934
seq03_02/frame-003040 0.663031 -0.556778 0.339121 -0.367947 2.06357 0.943626 1.97829
seq03_02/frame-003050 0.671181 -0.557699 0.318858 -0.369889 1.97873 1.01275 1.99072
seq03_02/frame-003060 0.677637 -0.554597 0.304374 -0.374948 1.93398 1.11856 1.99907
seq03_02/frame-003070 0.698276 -0.483464 0.323423 -0.417218 1.91702 1.24801 2.01533
seq03_02/frame-003080 0.694435 -0.422213 0.348282 -0.467114 1.90007 1.34686 2.0678
seq03_02/frame-003090 0.655995 -0.358816 0.37965 -0.544783 1.8579 1.43044 2.10779
seq03_02/frame-003100 0.617817 -0.313402 0.4125 -0.591545 1.78547 1.57148 2.12646
seq03_02/frame-003110 0.594688 -0.306526 0.428753 -0.60709 1.7334 1.71602 2.13663
seq03_02/frame-003120 0.559284 -0.307606 0.443564 -0.629151 1.75666 1.81884 2.12066
seq03_02/frame-003130 0.524773 -0.333526 0.505273 -0.598391 1.8436 1.8852 2.07178
seq03_02/frame-003140 -0.464355 0.383861 -0.553828 0.574717 1.90755 1.94049 2.02145
seq03_02/frame-003150 0.378258 -0.383288 0.632053 -0.557244 1.89668 1.99078 1.95122
seq03_02/frame-003160 0.354712 -0.42493 0.668292 -0.49699 1.86827 2.03377 1.86468
seq03_02/frame-003170 0.309209 -0.447164 0.694419 -0.471398 1.84999 2.02626 1.7867
seq03_02/frame-003180 0.285717 -0.483432 0.691316 -0.45469 1.79871 2.01238 1.7304
seq03_02/frame-003190 0.249578 -0.517016 0.70932 -0.408986 1.77278 1.99103 1.65059
seq03_02/frame-003200 0.260986 -0.583516 0.678762 -0.361492 1.7669 1.97592 1.61062
seq03_02/frame-003210 0.267971 -0.638749 0.648703 -0.315239 1.79528 1.89549 1.58103
seq03_02/frame-003220 -0.258344 0.739457 -0.568715 0.251052 1.8541 1.70721 1.53005
seq03_02/frame-003230 -0.265851 0.791002 -0.516743 0.191351 1.88873 1.57435 1.50678
seq03_02/frame-003240 -0.259006 0.807106 -0.4977 0.183822 1.89052 1.55258 1.50122
seq03_02/frame-003250 -0.246643 0.809534 -0.485118 0.22019 1.84753 1.61612 1.52098
seq03_02/frame-003260 -0.27037 0.822455 -0.452573 0.213648 1.73202 1.79537 1.54352
seq03_02/frame-003270 -0.295046 0.826924 -0.43537 0.198995 1.64477 1.92017 1.55416
seq03_02/frame-003280 -0.305123 0.831436 -0.416619 0.205044 1.58434 1.9984 1.55278
seq03_02/frame-003290 -0.309217 0.84142 -0.397257 0.196427 1.54687 2.04995 1.54969
seq03_02/frame-003300 -0.282118 0.842242 -0.417254 0.192193 1.56191 2.08277 1.53984
seq03_02/frame-003310 -0.273431 0.844845 -0.427648 0.169087 1.6142 2.12105 1.53881
seq03_02/frame-003320 -0.243685 0.850162 -0.452783 0.113271 1.73132 2.17738 1.52047
seq03_02/frame-003330 -0.190518 0.846627 -0.487263 0.0974754 1.85278 2.21984 1.4959
seq03_02/frame-003340 -0.158635 0.837428 -0.501576 0.148225 1.90364 2.20905 1.494
seq03_02/frame-003350 -0.144145 0.811522 -0.536433 0.181369 1.9352 2.16754 1.49316
seq03_02/frame-003360 -0.145688 0.771572 -0.587684 0.195139 1.9676 2.09698 1.50483
seq03_02/frame-003370 -0.147275 0.740975 -0.623173 0.202291 1.99633 2.03502 1.51504
seq03_02/frame-003380 -0.14633 0.724228 -0.636764 0.220485 2.01212 1.99976 1.52349
seq03_02/frame-003390 -0.154236 0.725187 -0.631934 0.225777 2.01257 1.99018 1.53209
seq03_02/frame-003400 -0.167915 0.764128 -0.583288 0.218376 1.97973 2.05551 1.53211
seq03_02/frame-003410 -0.18965 0.800651 -0.536731 0.186846 1.92735 2.13761 1.53078
seq03_02/frame-003420 -0.21008 0.833136 -0.487216 0.156112 1.85093 2.22718 1.53003
seq03_02/frame-003430 -0.228485 0.850896 -0.449545 0.147244 1.76375 2.31372 1.52501
seq03_02/frame-003440 -0.304033 0.804893 -0.452471 0.234481 1.69037 2.37277 1.50372
seq03_02/frame-003450 -0.34539 0.709191 -0.509204 0.344187 1.65637 2.42787 1.37025
seq03_02/frame-003460 -0.351926 0.645263 -0.566114 0.373226 1.58459 2.52178 1.21108
seq03_02/frame-003470 0.350404 -0.599197 0.616387 -0.371816 1.48801 2.6143 1.02293
seq03_02/frame-003480 0.359894 -0.544222 0.620304 -0.43534 1.39208 2.71878 0.924898
seq03_02/frame-003490 0.349692 -0.506459 0.623957 -0.481552 1.32611 2.8083 0.881103
seq03_02/frame-003500 0.318361 -0.516253 0.640607 -0.470905 1.30133 2.88337 0.843042
seq03_02/frame-003510 0.320095 -0.490212 0.650104 -0.484353 1.26254 2.91995 0.845146
seq03_02/frame-003520 0.334464 -0.479309 0.659191 -0.473143 1.25826 2.93488 0.857449
seq03_02/frame-003530 0.352761 -0.462035 0.658573 -0.477877 1.27149 2.9515 0.88804
seq03_02/frame-003540 0.321568 -0.422119 0.678525 -0.507948 1.34493 2.91198 0.926806
seq03_02/frame-003550 0.31273 -0.438232 0.674973 -0.504542 1.44755 2.97959 0.891181
seq03_02/frame-003560 0.284444 -0.438567 0.691265 -0.498903 1.52328 3.05556 0.860873
seq03_02/frame-003570 0.309392 -0.475738 0.656512 -0.496933 1.51135 3.05209 0.866849
seq03_02/frame-003580 -0.494399 0.692684 -0.410458 0.327541 1.38503 2.88893 0.921082
seq03_02/frame-003590 -0.454493 0.753673 -0.371891 0.295145 1.41167 2.76412 0.991005
seq03_02/frame-003600 -0.400717 0.805524 -0.368609 0.233848 1.47821 2.70426 1.07456
seq03_02/frame-003610 -0.382531 0.840961 -0.32999 0.193806 1.52651 2.63336 1.13884
seq03_02/frame-003620 -0.400225 0.871813 -0.206722 0.192422 1.50029 2.54058 1.20349
seq03_02/frame-003630 -0.439069 0.883386 -0.111575 0.119999 1.39906 2.40989 1.25753
seq03_02/frame-003640 -0.434946 0.898566 -0.0275831 0.0513852 1.32375 2.25564 1.29808
seq03_02/frame-003650 -0.439147 0.896665 0.0559612 -0.00333551 1.31241 2.15446 1.33719
seq03_02/frame-003660 -0.444497 0.879859 0.166078 -0.0262759 1.35677 2.03936 1.35078
seq03_02/frame-003670 -0.470431 0.852993 0.217402 -0.0619096 1.39539 1.92922 1.3822
seq03_02/frame-003680 0.536406 -0.807324 -0.209561 0.128774 1.50431 1.75673 1.4855
seq03_02/frame-003690 0.597017 -0.745036 -0.236269 0.180747 1.60272 1.57511 1.63844
seq03_02/frame-003700 0.581445 -0.712835 -0.322536 0.223071 1.60211 1.43646 1.67524
seq03_02/frame-003710 0.581494 -0.704087 -0.349688 0.209389 1.57081 1.30613 1.64237
seq03_02/frame-003720 0.560469 -0.747274 -0.310732 0.175793 1.50169 1.25219 1.59028
seq03_02/frame-003730 0.573673 -0.746493 -0.300122 0.153542 1.41931 1.29043 1.55558
seq03_02/frame-003740 0.572977 -0.758589 -0.277478 0.138732 1.27648 1.42844 1.52664
seq03_02/frame-003750 0.565874 -0.768354 -0.273897 0.119996 1.16527 1.51855 1.50161
seq03_02/frame-003760 0.587307 -0.740373 -0.281472 0.166408 1.1491 1.46573 1.56088
seq03_02/frame-003770 0.616263 -0.68923 -0.292129 0.244622 1.20344 1.23006 1.68877
seq03_02/frame-003780 0.620881 -0.676925 -0.305131 0.251343 1.28053 0.95806 1.74567
seq03_02/frame-003790 0.630297 -0.642389 -0.329949 0.284947 1.29017 0.783081 1.77585
seq03_02/frame-003800 0.62404 -0.625593 -0.335323 0.326748 1.23279 0.656849 1.78765
seq03_02/frame-003810 0.6203 -0.643719 -0.318736 0.315054 1.10419 0.546749 1.79551
seq03_02/frame-003820 0.631703 -0.633306 -0.336572 0.294266 0.96647 0.416332 1.78251
seq03_02/frame-003830 0.628249 -0.668874 -0.28612 0.275763 0.829891 0.284155 1.78054
seq03_02/frame-003840 0.611649 -0.674915 -0.2995 0.284037 0.693586 0.133368 1.77859
seq03_02/frame-003850 0.657286 -0.649753 -0.253728 0.285338 0.567272 0.0337487 1.80257
seq03_02/frame-003860 0.727074 -0.632143 -0.167039 0.209419 0.532822 0.00326666 1.84959
seq03_02/frame-003870 0.761114 -0.64345 -0.0374627 0.0726414 0.574837 0.0137965 1.87724
seq03_02/frame-003880 0.746442 -0.662851 0.0584328 -0.00626705 0.596095 -0.0322858 1.88774
seq03_02/frame-003890 0.744871 -0.658615 0.0907489 -0.0561914 0.620022 -0.0625259 1.89158
seq03_02/frame-003900 0.742505 -0.656882 0.116932 -0.0593166 0.736556 0.00238529 1.88915
seq03_02/frame-003910 0.714881 -0.687547 0.114877 -0.0550281 0.974122 0.179661 1.86085
seq03_02/frame-003920 0.654786 -0.749324 0.0968611 -0.0196517 1.09278 0.334967 1.79372
seq03_02/frame-003930 0.633938 -0.76987 0.0736068 0.00210687 1.16871 0.502879 1.77302
seq03_02/frame-003940 0.660693 -0.747014 0.0292837 0.0678059 1.24606 0.592781 1.78175
seq03_02/frame-003950 0.66173 -0.745267 -0.0219782 0.0787978 1.4406 0.696352 1.75779
seq03_02/frame-003960 0.655448 -0.749565 -0.0115712 0.0916888 1.68809 0.795052 1.74006
seq03_02/frame-003970 0.669184 -0.73873 -0.0430451 0.0679542 1.78912 0.916768 1.72701
seq03_02/frame-003980 0.667809 -0.729 -0.0929293 0.118131 1.86181 1.05289 1.73209
seq03_02/frame-003990 0.66142 -0.72869 -0.125259 0.125869 1.92161 1.10477 1.73651
seq03_02/frame-004000 0.674638 -0.731316 -0.0776581 0.063338 1.98149 1.08951 1.75486
seq03_02/frame-004010 0.718443 -0.687772 0.0501277 -0.0910859 1.97979 0.999974 1.8174
seq03_02/frame-004020 0.724291 -0.638674 0.156438 -0.207426 1.86267 0.858766 1.85614
seq03_02/frame-004030 0.693518 -0.643668 0.22056 -0.236809 1.76223 0.743915 1.87116
seq03_02/frame-004040 0.677964 -0.643369 0.243714 -0.25893 1.67959 0.60975 1.85962
seq03_02/frame-004050 0.681806 -0.633672 0.241075 -0.274742 1.59765 0.475933 1.86553
seq03_02/frame-004060 0.778413 -0.543927 0.173658 -0.260881 1.47117 0.383463 1.94089
seq03_02/frame-004070 0.834441 -0.468622 0.11608 -0.26576 1.31366 0.341168 1.99128
seq03_02/frame-004080 0.832915 -0.39414 0.17781 -0.345385 1.15104 0.309073 2.00661
seq03_02/frame-004090 0.760178 -0.387499 0.274138 -0.443647 1.08909 0.273885 2.00645
seq03_02/frame-004100 0.698572 -0.394926 0.337088 -0.492344 1.11522 0.230403 1.99389
seq03_02/frame-004110 0.692497 -0.391926 0.325701 -0.510647 1.12021 0.210504 1.99642
seq03_02/frame-004120 0.726706 -0.379534 0.301939 -0.486503 1.07571 0.212504 2.002
seq03_02/frame-004130 0.638243 -0.39173 0.384964 -0.539441 1.10832 0.228848 1.9659
seq03_02/frame-004140 -0.492197 0.408976 -0.518884 0.56678 1.21225 0.261594 1.8964
seq03_02/frame-004150 0.404965 -0.370408 0.594593 -0.58759 1.26197 0.28122 1.87086
seq03_02/frame-004160 -0.429971 0.396985 -0.570058 0.576682 1.25925 0.302136 1.86938
seq03_02/frame-004170 -0.445335 0.434396 -0.541435 0.56553 1.27947 0.329067 1.8566
seq03_02/frame-004180 0.393711 -0.458135 0.571357 -0.555568 1.37071 0.355929 1.82243
seq03_02/frame-004190 -0.300634 0.322452 -0.627391 0.641891 1.41977 0.337196 1.83816
seq03_02/frame-004200 -0.233649 0.211006 -0.63484 0.705594 1.38616 0.331183 1.86387
seq03_02/frame-004210 -0.204106 0.143662 -0.610068 0.75201 1.34206 0.340693 1.89268
seq03_02/frame-004220 -0.136788 0.0833637 -0.624323 0.764565 1.29298 0.324155 1.89728
seq03_02/frame-004230 -0.120754 0.093492 -0.698333 0.699292 1.2957 0.283837 1.8504
seq03_02/frame-004240 0.0584787 -0.0553128 0.722911 -0.686236 1.28122 0.255057 1.82128
seq03_02/frame-004250 0.0557779 -0.0706976 -0.701494 0.706963 1.18675 0.251478 1.8353
seq03_02/frame-004260 0.144602 -0.160025 -0.659775 0.719846 1.1005 0.264708 1.86246
seq03_02/frame-004270 0.120669 -0.154846 -0.60727 0.769861 1.06474 0.27553 1.9171
seq03_02/frame-004280 0.00375194 -0.0849256 -0.557836 0.825586 1.11782 0.299026 1.97678
seq03_02/frame-004290 -0.122513 -0.000575869 -0.518936 0.845989 1.20291 0.35909 2.01021
seq03_02/frame-004300 -0.210323 0.0969886 -0.476408 0.84817 1.28016 0.43323 2.03637
seq03_02/frame-004310 -0.196375 0.0823466 -0.43851 0.873135 1.27593 0.46228 2.06247
seq03_02/frame-004320 -0.0710712 -0.00228392 -0.408392 0.910033 1.23741 0.477872 2.07382
seq03_02/frame-004330 0.105681 -0.0995866 -0.417559 0.896972 1.16517 0.46466 2.06789
seq03_02/frame-004340 0.254659 -0.195709 -0.455764 0.830136 1.04476 0.42092 2.04379
seq03_02/frame-004350 0.32924 -0.253674 -0.489694 0.766452 0.933458 0.391184 1.99777
seq03_02/frame-004360 0.370931 -0.305155 -0.515614 0.70953 0.826152 0.373873 1.95802
seq03_02/frame-004370 0.337307 -0.295879 -0.575399 0.68381 0.80362 0.33405 1.93253
seq03_02/frame-004380 0.277421 -0.273343 -0.641185 0.661212 0.844275 0.262301 1.89456
seq03_02/frame-004390 -0.252227 0.283074 0.655939 -0.652683 0.910346 0.199895 1.87828
seq03_02/frame-004400 -0.234242 0.29497 0.695757 -0.611593 0.969098 0.131731 1.84872
seq03_02/frame-004410 -0.235954 0.317163 0.718931 -0.571728 1.00773 0.102496 1.81947
seq03_02/frame-004420 -0.22521 0.32121 0.746333 -0.537674 1.03136 0.0832967 1.78782
seq03_02/frame-004430 -0.214614 0.325631 0.77985 -0.489632 1.03021 0.061881 1.75791
seq03_02/frame-004440 -0.196437 0.292794 0.793153 -0.49658 1.04028 0.0341617 1.74387
seq03_02/frame-004450 -0.136503 0.197375 0.788438 -0.566371 1.05872 -0.0471285 1.78281
seq03_02/frame-004460 -0.108686 0.137847 0.801191 -0.572083 0.934926 -0.171009 1.77736
seq03_02/frame-004470 -0.112096 0.151002 0.8048 -0.562966 0.716472 -0.297082 1.77568
seq03_02/frame-004480 -0.11582 0.187305 0.816268 -0.534049 0.540594 -0.433392 1.73489
seq03_02/frame-004490 -0.123217 0.19109 0.844287 -0.485266 0.342126 -0.63576 1.69005
seq03_02/frame-004500 -0.11611 0.15709 0.853728 -0.482692 0.184776 -0.757039 1.66466
seq03_02/frame-004510 -0.102063 0.0444432 0.879678 -0.462359 0.0278333 -0.889242 1.65418
seq03_02/frame-004520 -0.0297693 -0.022412 0.885973 -0.462238 -0.0569699 -1.03418 1.64024
seq03_02/frame-004530 0.00368422 -0.0907823 0.882928 -0.460633 -0.116628 -1.23706 1.62909
seq03_02/frame-004540 0.0975659 -0.172534 0.858378 -0.473181 -0.137746 -1.41095 1.6325
seq03_02/frame-004550 0.135791 -0.254161 0.80482 -0.518873 -0.150554 -1.50741 1.58811
seq03_02/frame-004560 0.154056 -0.219684 0.787263 -0.55518 -0.23244 -1.55797 1.40304
seq03_02/frame-004570 0.156929 -0.229971 0.77573 -0.56633 -0.240314 -1.52526 1.23781
seq03_02/frame-004580 0.202167 -0.270815 0.740009 -0.581528 -0.185757 -1.50384 1.23379
seq03_02/frame-004590 0.273783 -0.329145 0.706505 -0.563522 -0.109585 -1.46366 1.27163
seq03_02/frame-004600 0.354199 -0.398209 0.648885 -0.543066 -0.0236645 -1.37325 1.33072
seq03_02/frame-004610 0.445453 -0.495077 0.560876 -0.491821 0.0330338 -1.22457 1.37301
seq03_02/frame-004620 0.476695 -0.519731 0.538075 -0.461647 0.0522016 -1.17321 1.40279
seq03_02/frame-004630 -0.48895 0.550593 -0.530741 0.41963 0.0662097 -1.12588 1.39974
seq03_02/frame-004640 -0.493514 0.603174 -0.499444 0.37839 0.0397698 -1.05522 1.40407
seq03_02/frame-004650 -0.483084 0.620564 -0.486632 0.38042 0.036153 -1.06389 1.40111
seq03_02/frame-004660 -0.46473 0.598991 -0.5246 0.387339 0.0371459 -1.16845 1.38821
seq03_02/frame-004670 0.50126 -0.647645 0.467186 -0.333217 0.0201518 -1.15586 1.38767
seq03_02/frame-004680 -0.494883 0.676567 -0.443411 0.317388 0.00876528 -1.15229 1.37906
seq03_02/frame-004690 -0.458378 0.606273 -0.518366 0.391944 0.0145845 -1.22549 1.38893
seq03_02/frame-004700 -0.42695 0.563609 -0.557465 0.435077 0.0117944 -1.27087 1.39301
seq03_02/frame-004710 0.393988 -0.496322 0.606888 -0.479714 0.00335979 -1.33907 1.4051
seq03_02/frame-004720 0.320069 -0.393888 0.677482 -0.532377 -0.0202861 -1.38892 1.41694
seq03_02/frame-004730 0.322125 -0.412046 0.673369 -0.522522 -0.0160013 -1.37432 1.41364
seq03_02/frame-004740 0.36009 -0.454686 0.651877 -0.488518 -0.0047093 -1.3384 1.41353
seq03_02/frame-004750 0.368347 -0.47233 0.648564 -0.46967 0.0003528 -1.31839 1.41097
seq03_02/frame-004760 0.326686 -0.45625 0.634947 -0.530993 0.00982159 -1.26211 1.4399
seq03_02/frame-004770 0.248617 -0.365461 0.692875 -0.569695 -0.021081 -1.22616 1.48177
seq03_02/frame-004780 0.181958 -0.277353 0.714068 -0.616501 -0.151986 -1.0969 1.54756
seq03_02/frame-004790 0.154882 -0.238703 0.736261 -0.613965 -0.313458 -0.972057 1.60655
seq03_02/frame-004800 0.153666 -0.22446 0.740971 -0.613976 -0.419748 -0.926944 1.6497
seq03_02/frame-004810 0.184736 -0.232861 0.758077 -0.58049 -0.522893 -0.887335 1.66017
seq03_02/frame-004820 0.198483 -0.236078 0.766067 -0.563927 -0.571889 -0.846216 1.6791
seq03_02/frame-004830 0.186954 -0.232428 0.745281 -0.596307 -0.605667 -0.776979 1.72149
seq03_02/frame-004840 0.165966 -0.2056 0.747074 -0.609971 -0.576291 -0.681833 1.73906
seq03_02/frame-004850 0.143857 -0.194465 0.729444 -0.639843 -0.525312 -0.541777 1.76435
seq03_02/frame-004860 -0.117463 0.165058 -0.659294 0.724079 -0.533085 -0.449662 1.81095
seq03_02/frame-004870 -0.0758338 0.102542 -0.642765 0.755372 -0.564698 -0.424976 1.85419
seq03_02/frame-004880 -0.0777317 0.0566299 -0.558951 0.823605 -0.604537 -0.402623 1.89573
seq03_02/frame-004890 -0.151906 0.0880596 -0.527938 0.830934 -0.605028 -0.387509 1.92496
seq03_02/frame-004900 -0.372925 0.244155 -0.505098 0.739047 -0.548168 -0.351213 1.93623
seq03_02/frame-004910 0.526895 -0.386519 0.475209 -0.589203 -0.48949 -0.286549 1.93326
seq03_02/frame-004920 0.608574 -0.531912 0.388752 -0.442243 -0.442676 -0.248596 1.92463
seq03_02/frame-004930 0.63359 -0.588292 0.333684 -0.375676 -0.410835 -0.257445 1.91722
seq03_02/frame-004940 0.737733 -0.492052 0.252266 -0.387294 -0.438465 -0.304787 1.94913
seq03_02/frame-004950 0.823478 -0.431106 0.188427 -0.317059 -0.47257 -0.35199 1.97929
seq03_02/frame-004960 0.834431 -0.363254 0.177669 -0.37444 -0.502248 -0.400821 1.9925
seq03_02/frame-004970 0.776213 -0.378416 0.244659 -0.44095 -0.477681 -0.423554 1.99453
seq03_02/frame-004980 0.792797 -0.397108 0.233991 -0.39878 -0.474537 -0.428476 1.99376
seq03_02/frame-004990 0.769975 -0.470357 0.244282 -0.355289 -0.455946 -0.399985 1.9855
seq03_02/frame-005000 0.80329 -0.505906 0.173344 -0.262174 -0.47857 -0.384622 1.97912
seq03_02/frame-005010 0.860207 -0.491392 0.0749631 -0.113833 -0.536613 -0.403413 1.98509
seq03_02/frame-005020 0.863323 -0.504074 0.0153443 -0.0186587 -0.589727 -0.4301 1.98302
seq03_02/frame-005030 0.82382 -0.563682 -0.0477896 0.0360648 -0.642456 -0.484897 1.94966
seq03_02/frame-005040 0.740831 -0.662224 -0.092966 0.0631321 -0.697479 -0.526727 1.88254
seq03_02/frame-005050 0.689229 -0.705134 -0.137155 0.0945458 -0.712291 -0.566987 1.82927
seq03_02/frame-005060 0.647195 -0.759775 0.0236534 -0.0576274 -0.59156 -0.616516 1.79467
seq03_02/frame-005070 0.612354 -0.748106 0.179323 -0.182219 -0.474432 -0.71934 1.79895
seq03_02/frame-005080 0.570519 -0.788874 0.171187 -0.151264 -0.505528 -0.702467 1.79603
seq03_02/frame-005090 0.550983 -0.812017 0.153165 -0.116565 -0.542411 -0.662433 1.78618
seq03_02/frame-005100 0.543972 -0.813523 0.167811 -0.118807 -0.543215 -0.65462 1.77968
seq03_02/frame-005110 0.541709 -0.81212 0.175671 -0.127089 -0.537577 -0.653708 1.77806
seq03_02/frame-005120 0.531307 -0.81225 0.192655 -0.144382 -0.522307 -0.650299 1.77802
seq03_02/frame-005130 -0.467666 0.840417 -0.231433 0.146382 -0.493026 -0.643852 1.74882
seq03_02/frame-005140 -0.359277 0.84535 -0.361125 0.160912 -0.454163 -0.683716 1.67946