seq09_02/frame-000000 -0.111237 0.144365 0.759406 -0.62457 -0.702473 1.38881 0.446803
seq09_02/frame-000010 -0.110551 0.14478 0.761005 -0.622647 -0.700818 1.38889 0.445582
seq09_02/frame-000020 -0.112 0.145775 0.759986 -0.623399 -0.69988 1.3892 0.445411
seq09_02/frame-000030 -0.11236 0.147337 0.760169 -0.622744 -0.700073 1.38842 0.444788
seq09_02/frame-000040 -0.112213 0.147894 0.759355 -0.623632 -0.700883 1.38722 0.444602
seq09_02/frame-000050 -0.105228 0.139807 0.761145 -0.624531 -0.701195 1.3843 0.443497
seq09_02/frame-000060 -0.0891438 0.116526 0.766753 -0.624952 -0.701117 1.38084 0.441936
seq09_02/frame-000070 -0.0260518 0.0422911 0.774206 -0.630981 -0.699638 1.3758 0.439216
seq09_02/frame-000080 0.00468086 0.0169654 0.772702 -0.634526 -0.699803 1.37518 0.440413
seq09_02/frame-000090 0.0385804 -0.00901404 0.772529 -0.633741 -0.700585 1.37509 0.439875
seq09_02/frame-000100 0.0642135 -0.032226 0.770569 -0.633293 -0.700744 1.37641 0.439382
seq09_02/frame-000110 0.0921667 -0.057924 0.769216 -0.629648 -0.700213 1.37669 0.437405
seq09_02/frame-000120 0.112712 -0.081842 0.764668 -0.62919 -0.699145 1.37899 0.43728
seq09_02/frame-000130 0.118227 -0.0900709 0.764171 -0.627655 -0.697792 1.37995 0.43701
seq09_02/frame-000140 0.117292 -0.0890863 0.762196 -0.630368 -0.697999 1.38062 0.437688
seq09_02/frame-000150 0.115409 -0.084681 0.761424 -0.632252 -0.697892 1.38052 0.437206
seq09_02/frame-000160 0.111433 -0.0799788 0.761541 -0.633436 -0.698868 1.37878 0.436071
seq09_02/frame-000170 0.111102 -0.0778687 0.761035 -0.634365 -0.698549 1.37837 0.435648
seq09_02/frame-000180 0.109576 -0.0766427 0.76074 -0.635132 -0.700603 1.37876 0.434762
seq09_02/frame-000190 0.160964 -0.137911 0.742811 -0.635062 -0.696474 1.38492 0.434301
seq09_02/frame-000200 0.203289 -0.173406 0.732883 -0.62569 -0.696724 1.38839 0.432776
seq09_02/frame-000210 0.215727 -0.122343 0.686623 -0.683406 -0.704744 1.40079 0.44999
seq09_02/frame-000220 -0.132919 0.0451217 -0.630796 0.763146 -0.693884 1.43065 0.479034
seq09_02/frame-000230 -0.092786 0.0251997 -0.598971 0.794977 -0.679701 1.45282 0.499059
seq09_02/frame-000240 -0.079389 0.0141148 -0.569613 0.817948 -0.668033 1.47294 0.51494
seq09_02/frame-000250 -0.0533637 -0.00550081 -0.535929 0.842557 -0.653036 1.4896 0.530302
seq09_02/frame-000260 -0.0247415 -0.0376085 -0.478989 0.876666 -0.64419 1.5079 0.544306
seq09_02/frame-000270 0.0436764 -0.080577 -0.497104 0.862837 -0.637621 1.51177 0.553597
seq09_02/frame-000280 0.109622 -0.106815 -0.532079 0.832746 -0.639875 1.50627 0.556424
seq09_02/frame-000290 0.165246 -0.127196 -0.544707 0.812287 -0.645999 1.50565 0.558734
seq09_02/frame-000300 0.206344 -0.14842 -0.545499 0.798639 -0.653094 1.50967 0.560842
seq09_02/frame-000310 0.254926 -0.186169 -0.544088 0.777382 -0.655385 1.51388 0.566041
seq09_02/frame-000320 0.254762 -0.207407 -0.552098 0.766333 -0.672996 1.5071 0.57452
seq09_02/frame-000330 0.314679 -0.250584 -0.56606 0.719556 -0.722465 1.4669 0.616631
seq09_02/frame-000340 0.347705 -0.285524 -0.558288 0.69706 -0.755112 1.44234 0.675093
seq09_02/frame-000350 0.403459 -0.320799 -0.542794 0.663086 -0.777873 1.454 0.705735
seq09_02/frame-000360 0.461707 -0.327262 -0.515296 0.643581 -0.786336 1.4759 0.716953
seq09_02/frame-000370 0.506557 -0.365617 -0.476609 0.618522 -0.793517 1.52049 0.726959
seq09_02/frame-000380 0.564143 -0.391011 -0.446315 0.574156 -0.81161 1.56128 0.740773
seq09_02/frame-000390 0.596471 -0.412511 -0.427617 0.53963 -0.810852 1.59331 0.742808
seq09_02/frame-000400 0.5998 -0.429163 -0.412418 0.534762 -0.806586 1.61874 0.746846
seq09_02/frame-000410 0.605121 -0.440163 -0.404098 0.526108 -0.80401 1.63841 0.749031
seq09_02/frame-000420 0.627067 -0.44962 -0.390097 0.502447 -0.798327 1.64915 0.751048
seq09_02/frame-000430 0.657464 -0.473205 -0.367831 0.456639 -0.798491 1.67118 0.74575
seq09_02/frame-000440 0.68306 -0.489087 -0.341729 0.421242 -0.793962 1.70067 0.745217
seq09_02/frame-000450 0.682626 -0.511427 -0.30883 0.420819 -0.78122 1.7537 0.760149
seq09_02/frame-000460 0.706863 -0.536246 -0.277258 0.368663 -0.757442 1.80699 0.77208
seq09_02/frame-000470 0.719182 -0.553502 -0.259566 0.330207 -0.747561 1.84021 0.781728
seq09_02/frame-000480 0.727922 -0.564437 -0.243712 0.303553 -0.763776 1.87991 0.785567
seq09_02/frame-000490 0.738803 -0.575779 -0.221365 0.271379 -0.763798 1.90965 0.784306
seq09_02/frame-000500 0.726338 -0.606541 -0.1961 0.257072 -0.770332 1.9785 0.816923
seq09_02/frame-000510 0.729903 -0.621956 -0.182556 0.216992 -0.791438 2.00121 0.796411
seq09_02/frame-000520 0.753895 -0.619566 -0.139179 0.168555 -0.773989 1.97278 0.781779
seq09_02/frame-000530 0.768849 -0.62054 -0.100107 0.117387 -0.751846 1.9418 0.795153
seq09_02/frame-000540 0.778384 -0.620327 -0.0666802 0.0697618 -0.731405 1.9168 0.801097
seq09_02/frame-000550 0.781676 -0.621211 -0.0468554 0.0297281 -0.719633 1.89596 0.80708
seq09_02/frame-000560 0.783247 -0.621151 -0.0139076 -0.0223999 -0.700656 1.88538 0.815607
seq09_02/frame-000570 0.777758 -0.623596 0.0207675 -0.0760747 -0.670787 1.87779 0.814318
seq09_02/frame-000580 0.775417 -0.619971 0.0582159 -0.104762 -0.642098 1.855 0.821639
seq09_02/frame-000590 0.764423 -0.631147 0.0877351 -0.0980439 -0.583413 1.84317 0.823291
seq09_02/frame-000600 0.756267 -0.632221 0.1178 -0.120334 -0.488298 1.81268 0.822032
seq09_02/frame-000610 0.743514 -0.633035 0.148154 -0.156538 -0.431005 1.78603 0.81905
seq09_02/frame-000620 0.73384 -0.62157 0.1836 -0.203518 -0.395524 1.75531 0.814118
seq09_02/frame-000630 0.713852 -0.615677 0.221603 -0.249499 -0.363797 1.7413 0.808643
seq09_02/frame-000640 0.693381 -0.605735 0.262605 -0.288697 -0.336271 1.72259 0.805703
seq09_02/frame-000650 0.665859 -0.595785 0.303398 -0.331092 -0.310079 1.70225 0.80053
seq09_02/frame-000660 0.638692 -0.58373 0.340001 -0.368419 -0.277244 1.67426 0.800368
seq09_02/frame-000670 0.623707 -0.569715 0.368615 -0.387992 -0.264736 1.64255 0.807684
seq09_02/frame-000680 0.576302 -0.540862 0.427272 -0.439069 -0.257925 1.58095 0.815153
seq09_02/frame-000690 0.595137 -0.567668 0.419563 -0.384098 -0.227452 1.5426 0.864814
seq09_02/frame-000700 0.574074 -0.580434 0.429194 -0.386427 -0.239031 1.54156 1.05708
seq09_02/frame-000710 0.560343 -0.539122 0.46806 -0.419857 -0.278995 1.53202 1.19128
seq09_02/frame-000720 0.529693 -0.51359 0.495718 -0.458163 -0.345666 1.56785 1.23874
seq09_02/frame-000730 0.486412 -0.463766 0.546998 -0.499117 -0.393556 1.57343 1.25572
seq09_02/frame-000740 0.440749 -0.419058 0.585326 -0.536212 -0.426309 1.54082 1.24916
seq09_02/frame-000750 0.396708 -0.408484 0.603005 -0.558703 -0.441185 1.51072 1.2344
seq09_02/frame-000760 0.35742 -0.344122 0.637261 -0.589685 -0.428922 1.51464 1.23848
seq09_02/frame-000770 0.291541 -0.274876 0.677544 -0.616751 -0.413115 1.54755 1.2437
seq09_02/frame-000780 0.248734 -0.2322 0.698168 -0.629902 -0.39476 1.58221 1.24242
seq09_02/frame-000790 0.202786 -0.199587 0.714396 -0.639282 -0.4138 1.59236 1.24963
seq09_02/frame-000800 0.166116 -0.166068 0.727191 -0.644996 -0.472121 1.58635 1.25408
seq09_02/frame-000810 0.108746 -0.129836 0.762035 -0.624995 -0.551348 1.5852 1.24436
seq09_02/frame-000820 0.0696637 -0.0838315 0.792747 -0.599726 -0.611414 1.5921 1.22473
seq09_02/frame-000830 0.0557674 -0.0464568 0.830055 -0.552937 -0.638976 1.58688 1.19942
seq09_02/frame-000840 0.0299466 0.00261048 0.841072 -0.540087 -0.653036 1.56229 1.19528
seq09_02/frame-000850 -0.0071965 0.0413562 0.830576 -0.555322 -0.66559 1.54055 1.21223
seq09_02/frame-000860 -0.0459515 0.0866099 0.827481 -0.552867 -0.698749 1.52049 1.22127
seq09_02/frame-000870 -0.0917941 0.144242 0.813607 -0.555709 -0.736172 1.51698 1.23027
seq09_02/frame-000880 -0.123352 0.183736 0.80401 -0.551898 -0.747288 1.50978 1.23689
seq09_02/frame-000890 -0.15305 0.233957 0.789494 -0.546387 -0.750368 1.50551 1.24239
seq09_02/frame-000900 -0.198451 0.297656 0.778473 -0.515749 -0.770349 1.52023 1.23254
seq09_02/frame-000910 -0.236828 0.343881 0.759979 -0.498085 -0.819791 1.54623 1.23663
seq09_02/frame-000920 -0.244546 0.386171 0.755372 -0.469555 -0.866611 1.56972 1.23446
seq09_02/frame-000930 -0.255822 0.417866 0.738817 -0.462703 -0.908171 1.59302 1.23245
seq09_02/frame-000940 -0.295663 0.454692 0.711255 -0.447163 -0.955571 1.62914 1.234
seq09_02/frame-000950 -0.316315 0.48751 0.693657 -0.425582 -0.978665 1.65216 1.23112
seq09_02/frame-000960 -0.351024 0.546399 0.648727 -0.396716 -0.987573 1.66596 1.23547
seq09_02/frame-000970 -0.370827 0.608247 0.610905 -0.345425 -0.989963 1.66493 1.23619
seq09_02/frame-000980 -0.384498 0.673128 0.559703 -0.292901 -0.978474 1.68319 1.22759
seq09_02/frame-000990 -0.411129 0.722304 0.493947 -0.255471 -0.959036 1.70452 1.22645
seq09_02/frame-001000 -0.430484 0.763544 0.428739 -0.218785 -0.939105 1.72234 1.22461
seq09_02/frame-001010 -0.446604 0.787196 0.379524 -0.191909 -0.920074 1.73514 1.22585
seq09_02/frame-001020 -0.469616 0.798443 0.339126 -0.164143 -0.888293 1.75512 1.23351
seq09_02/frame-001030 -0.479323 0.813229 0.297002 -0.143865 -0.835201 1.78036 1.23739
seq09_02/frame-001040 -0.492268 0.832831 0.225503 -0.114952 -0.738302 1.81111 1.24514
seq09_02/frame-001050 0.502099 -0.840854 -0.175585 0.10015 -0.664551 1.8161 1.25551
seq09_02/frame-001060 0.502666 -0.852582 -0.122957 0.0728968 -0.572493 1.81218 1.25432
seq09_02/frame-001070 0.504425 -0.857722 -0.0822492 0.0556887 -0.512814 1.808 1.24989
seq09_02/frame-001080 0.514439 -0.856751 -0.0288524 0.0223256 -0.47836 1.80718 1.25487
seq09_02/frame-001090 0.505737 -0.86211 0.0312567 -0.00454656 -0.469024 1.81184 1.25268
seq09_02/frame-001100 -0.49132 0.863236 -0.105054 0.0489082 -0.445941 1.81144 1.24574
seq09_02/frame-001110 -0.477886 0.854576 -0.175294 0.102944 -0.42354 1.80202 1.24463
seq09_02/frame-001120 -0.468929 0.837124 -0.241052 0.145685 -0.41283 1.79205 1.24564
seq09_02/frame-001130 -0.461165 0.813922 -0.306591 0.17567 -0.412499 1.77338 1.24532
seq09_02/frame-001140 -0.440883 0.788824 -0.374699 0.207312 -0.393208 1.74059 1.23986
seq09_02/frame-001150 -0.434753 0.753651 -0.432035 0.237373 -0.336293 1.68824 1.24566
seq09_02/frame-001160 -0.414201 0.719084 -0.491751 0.263697 -0.276714 1.63584 1.24198
seq09_02/frame-001170 -0.395054 0.68122 -0.5438 0.29009 -0.242623 1.58774 1.23868
seq09_02/frame-001180 -0.365514 0.647625 -0.58917 0.316008 -0.227044 1.54941 1.23443
seq09_02/frame-001190 -0.359804 0.637715 -0.602364 0.317834 -0.231893 1.55454 1.23512
seq09_02/frame-001200 -0.358529 0.626913 -0.613563 0.31934 -0.252804 1.58933 1.24255
seq09_02/frame-001210 0.356071 -0.618809 0.619826 -0.325737 -0.282596 1.62853 1.24733
seq09_02/frame-001220 0.357812 -0.606667 0.623324 -0.339694 -0.307225 1.6495 1.25533
seq09_02/frame-001230 0.340445 -0.566579 0.651998 -0.371461 -0.332792 1.6446 1.26305
seq09_02/frame-001240 0.307401 -0.505654 0.696949 -0.405068 -0.3657 1.62159 1.26529
seq09_02/frame-001250 0.273394 -0.454696 0.735058 -0.422135 -0.395585 1.6005 1.25877
seq09_02/frame-001260 0.244473 -0.408243 0.764844 -0.434262 -0.422799 1.57856 1.25703
seq09_02/frame-001270 0.206683 -0.371703 0.791638 -0.438666 -0.450023 1.54335 1.24723
seq09_02/frame-001280 0.186098 -0.335013 0.812731 -0.438865 -0.492501 1.49272 1.2397
seq09_02/frame-001290 0.179354 -0.271958 0.817341 -0.475209 -0.571604 1.41465 1.25756
seq09_02/frame-001300 0.182327 -0.277214 0.849223 -0.410768 -0.610166 1.35852 1.21365
seq09_02/frame-001310 0.249688 -0.404727 0.797711 -0.370822 -0.57085 1.3811 1.19764
seq09_02/frame-001320 0.2594 -0.435075 0.784812 -0.35706 -0.550029 1.41075 1.19495
seq09_02/frame-001330 0.251756 -0.440329 0.793005 -0.337451 -0.524962 1.43524 1.1828
seq09_02/frame-001340 0.253722 -0.448736 0.782245 -0.349792 -0.517881 1.45107 1.19119
seq09_02/frame-001350 0.258391 -0.455999 0.77905 -0.344063 -0.514377 1.46499 1.18813
seq09_02/frame-001360 0.190587 -0.41942 0.835853 -0.298518 -0.532789 1.44313 1.15163
seq09_02/frame-001370 0.136442 -0.331941 0.894181 -0.267658 -0.599024 1.4006 1.12188
seq09_02/frame-001380 0.122107 -0.27394 0.913923 -0.273482 -0.66097 1.37353 1.11704
seq09_02/frame-001390 0.0899267 -0.214311 0.934559 -0.269414 -0.728918 1.34482 1.10761
seq09_02/frame-001400 0.0528809 -0.127762 0.958579 -0.24901 -0.812863 1.31416 1.08624
seq09_02/frame-001410 0.0120979 0.00827599 0.96587 -0.258611 -0.866964 1.29438 1.08826
seq09_02/frame-001420 -0.0358443 0.160653 0.954169 -0.249935 -0.891793 1.31174 1.0936
seq09_02/frame-001430 -0.078966 0.265127 0.929673 -0.243272 -0.912491 1.351 1.09817
seq09_02/frame-001440 -0.106896 0.33738 0.902209 -0.246511 -0.916393 1.38499 1.105
seq09_02/frame-001450 -0.130361 0.386707 0.876052 -0.256895 -0.907939 1.41185 1.11561
seq09_02/frame-001460 -0.150945 0.446254 0.846462 -0.248142 -0.900201 1.4481 1.11572
seq09_02/frame-001470 -0.175581 0.506569 0.809529 -0.239212 -0.908444 1.49354 1.11989
seq09_02/frame-001480 -0.204275 0.572238 0.761437 -0.225893 -0.925176 1.55783 1.12239
seq09_02/frame-001490 -0.221442 0.642085 0.705972 -0.200733 -0.92527 1.6586 1.12205
seq09_02/frame-001500 -0.240043 0.707142 0.636871 -0.191635 -0.90268 1.76374 1.13027
seq09_02/frame-001510 -0.269965 0.761456 0.567764 -0.157948 -0.898333 1.82474 1.13996
seq09_02/frame-001520 -0.293359 0.826977 0.462007 -0.12884 -0.891133 1.85486 1.14651
seq09_02/frame-001530 -0.314723 0.866912 0.37174 -0.105932 -0.875547 1.85713 1.15295
seq09_02/frame-001540 -0.342141 0.883874 0.305741 -0.0907154 -0.855601 1.85488 1.16166
seq09_02/frame-001550 -0.4793 0.832133 0.240727 -0.140981 -0.838688 1.84524 1.23107
seq09_02/frame-001560 0.604086 -0.746615 -0.211172 0.181802 -0.832664 1.82616 1.30136
seq09_02/frame-001570 0.641816 -0.712246 -0.219156 0.180965 -0.848962 1.82079 1.33879
seq09_02/frame-001580 0.626159 -0.724335 -0.234602 0.168003 -0.87617 1.81882 1.33762
seq09_02/frame-001590 0.566824 -0.749206 -0.286198 0.18839 -0.967683 1.74116 1.31277
seq09_02/frame-001600 0.527754 -0.766687 -0.306665 0.199054 -1.07751 1.6743 1.27893
seq09_02/frame-001610 0.548568 -0.764116 -0.260489 0.217587 -1.24098 1.64288 1.25299
seq09_02/frame-001620 0.511586 -0.797123 -0.24115 0.211479 -1.43091 1.63906 1.24605
seq09_02/frame-001630 0.528745 -0.832477 -0.131137 0.101064 -1.54953 1.68498 1.2387
seq09_02/frame-001640 0.558636 -0.818583 -0.0851747 0.102916 -1.69731 1.67613 1.2586
seq09_02/frame-001650 0.596472 -0.794201 -0.0875081 0.0762102 -1.76502 1.66321 1.28015
seq09_02/frame-001660 0.593186 -0.789705 -0.114586 0.106611 -1.75706 1.62881 1.28176
seq09_02/frame-001670 0.570159 -0.767787 -0.205318 0.208007 -1.80058 1.57894 1.26106
seq09_02/frame-001680 0.532643 -0.795533 -0.232193 0.171766 -1.85236 1.56828 1.23845
seq09_02/frame-001690 -0.335257 0.931381 0.141621 -0.00866312 -1.82789 1.60842 1.15058
seq09_02/frame-001700 -0.296727 0.946608 0.125979 -0.00391214 -1.8201 1.62076 1.12071
seq09_02/frame-001710 -0.282712 0.952123 0.11593 0.00970794 -1.81567 1.61733 1.114
seq09_02/frame-001720 -0.292283 0.95559 -0.00135037 0.0376331 -1.75269 1.61205 1.11227
seq09_02/frame-001730 -0.294461 0.950127 -0.0845346 0.0583648 -1.70652 1.60725 1.11401
seq09_02/frame-001740 -0.302082 0.9413 -0.136696 0.0633655 -1.68274 1.59561 1.11259
seq09_02/frame-001750 -0.482891 0.852067 -0.169651 0.109618 -1.66472 1.59298 1.19136
seq09_02/frame-001760 0.605682 -0.741837 0.230892 -0.1718 -1.63602 1.56423 1.25901
seq09_02/frame-001770 0.61447 -0.731756 0.233614 -0.179957 -1.63038 1.56756 1.27025
seq09_02/frame-001780 0.611257 -0.735712 0.231737 -0.177168 -1.62858 1.58001 1.27037
seq09_02/frame-001790 0.610727 -0.742546 0.220245 -0.164715 -1.6326 1.58581 1.26493
seq09_02/frame-001800 0.611214 -0.774405 0.142191 -0.0805917 -1.65479 1.61005 1.25891
seq09_02/frame-001810 0.60955 -0.785954 0.0931244 -0.0452994 -1.68489 1.62353 1.25831
seq09_02/frame-001820 0.609213 -0.787652 0.0848387 -0.035562 -1.68977 1.62803 1.25795
seq09_02/frame-001830 0.601856 -0.788109 0.112802 -0.0626704 -1.67615 1.62702 1.25825
seq09_02/frame-001840 0.555528 -0.783701 0.232902 -0.151515 -1.62497 1.5941 1.24863
seq09_02/frame-001850 0.519323 -0.757752 0.328755 -0.219172 -1.57472 1.55084 1.24349
seq09_02/frame-001860 0.508992 -0.75252 0.34563 -0.234906 -1.56295 1.541 1.242
seq09_02/frame-001870 -0.499706 0.759209 -0.346294 0.232328 -1.56133 1.54207 1.23727
seq09_02/frame-001880 -0.419365 0.789105 -0.389663 0.222732 -1.55006 1.53058 1.1895
seq09_02/frame-001890 -0.338037 0.808739 -0.439971 0.195183 -1.54159 1.50353 1.13749
seq09_02/frame-001900 -0.298018 0.794838 -0.492198 0.192767 -1.5341 1.46591 1.1152
seq09_02/frame-001910 -0.26694 0.758458 -0.558215 0.204645 -1.52545 1.41371 1.10391
seq09_02/frame-001920 -0.234612 0.732001 -0.608867 0.195991 -1.51884 1.36789 1.08517
seq09_02/frame-001930 -0.322935 0.664588 -0.624333 0.253464 -1.51876 1.3313 1.13315
seq09_02/frame-001940 0.349462 -0.606865 0.638911 -0.31841 -1.50933 1.29843 1.18265
seq09_02/frame-001950 0.365118 -0.579413 0.641216 -0.346141 -1.47982 1.28303 1.19925
seq09_02/frame-001960 0.366794 -0.555922 0.646727 -0.371694 -1.41925 1.26078 1.21027
seq09_02/frame-001970 0.357045 -0.536402 0.655839 -0.393277 -1.34166 1.22817 1.21338
seq09_02/frame-001980 0.329017 -0.483109 0.682907 -0.438168 -1.28913 1.1678 1.22814
seq09_02/frame-001990 0.253414 -0.3753 0.769171 -0.450895 -1.30176 1.13485 1.22283
seq09_02/frame-002000 0.197001 -0.284871 0.802375 -0.486038 -1.33405 1.14901 1.23225
seq09_02/frame-002010 0.201176 -0.283033 0.805768 -0.479749 -1.35125 1.16059 1.22448
seq09_02/frame-002020 0.129206 -0.145191 0.831634 -0.520203 -1.44702 1.1477 1.22609
seq09_02/frame-002030 0.0839765 -0.0570823 0.835576 -0.539908 -1.55759 1.11072 1.23019
seq09_02/frame-002040 0.0452 -0.0259986 0.842817 -0.535668 -1.64378 1.05488 1.22785
seq09_02/frame-002050 0.0534199 -0.0283454 0.844012 -0.532905 -1.66613 1.02302 1.22105
seq09_02/frame-002060 0.0164314 -0.00220366 0.879652 -0.475327 -1.68085 1.00699 1.20151
seq09_02/frame-002070 -0.0117178 0.0375833 0.900445 -0.433184 -1.74385 0.9998 1.18184
seq09_02/frame-002080 -0.0240882 0.050769 0.902637 -0.426718 -1.82072 0.986665 1.18234
seq09_02/frame-002090 -0.0339329 0.0627893 0.95152 -0.299188 -1.88631 0.983254 1.14248
seq09_02/frame-002100 -0.0333657 0.103034 0.963642 -0.244267 -1.90626 1.02341 1.12064
seq09_02/frame-002110 -0.0535738 0.167951 0.957653 -0.227649 -1.928 1.08577 1.12733
seq09_02/frame-002120 -0.112479 0.309406 0.911889 -0.2451 -1.96119 1.16703 1.1461
seq09_02/frame-002130 -0.146019 0.381417 0.87498 -0.260017 -1.94287 1.2247 1.16112
seq09_02/frame-002140 -0.164928 0.410347 0.859165 -0.257392 -1.9149 1.24726 1.1664
seq09_02/frame-002150 -0.179094 0.431435 0.840323 -0.27504 -1.89135 1.26388 1.17255
seq09_02/frame-002160 -0.237705 0.472882 0.782772 -0.327333 -1.88244 1.28968 1.20376
seq09_02/frame-002170 -0.283493 0.510929 0.727905 -0.358801 -1.86917 1.31738 1.22244
seq09_02/frame-002180 -0.364153 0.53054 0.647497 -0.408248 -1.86672 1.34294 1.27028
seq09_02/frame-002190 -0.441275 0.555459 0.559043 -0.4292 -1.8797 1.39232 1.30566
seq09_02/frame-002200 -0.483387 0.558957 0.519767 -0.428657 -1.91377 1.44289 1.32147
seq09_02/frame-002210 -0.413558 0.660939 0.561977 -0.276244 -1.97477 1.5217 1.27447
seq09_02/frame-002220 -0.343488 0.757163 0.526862 -0.176456 -1.97601 1.61038 1.21789
seq09_02/frame-002230 -0.437995 0.77071 0.420379 -0.193517 -1.92664 1.59212 1.24582
seq09_02/frame-002240 -0.490167 0.775186 0.349706 -0.191124 -1.87418 1.54257 1.25214
seq09_02/frame-002250 0.507899 -0.804061 -0.275334 0.140409 -1.8247 1.56965 1.25228
seq09_02/frame-002260 -0.488045 0.831047 0.244353 -0.107074 -1.81736 1.69528 1.22931
seq09_02/frame-002270 0.512746 -0.825177 -0.18976 0.142006 -1.78457 1.88125 1.22359
seq09_02/frame-002280 0.560441 -0.826533 -0.0222376 0.0475042 -1.66237 1.90611 1.2492
seq09_02/frame-002290 0.571833 -0.81706 0.0700585 -0.0226149 -1.54396 1.84765 1.26133
seq09_02/frame-002300 0.603867 -0.788571 0.101582 -0.0564126 -1.35697 1.84709 1.26651
seq09_02/frame-002310 0.582012 -0.810999 0.0497972 -0.0325888 -1.11515 1.92438 1.24272
seq09_02/frame-002320 0.547809 -0.830929 0.084952 -0.047395 -0.878872 2.02655 1.20103
seq09_02/frame-002330 0.534521 -0.842256 0.0569777 -0.0405604 -0.692709 2.14341 1.15401
seq09_02/frame-002340 0.550995 -0.830911 0.0586556 -0.0505259 -0.512757 2.17144 1.1328
seq09_02/frame-002350 0.610706 -0.790921 -0.0307447 0.0231506 -0.270162 2.16796 1.07746
seq09_02/frame-002360 0.5987 -0.7931 -0.0969478 0.056141 -0.0948353 2.20862 1.00691
seq09_02/frame-002370 0.624428 -0.770003 -0.110763 0.070113 0.0352399 2.28329 0.669839
seq09_02/frame-002380 0.620335 -0.772357 -0.115576 0.0727427 0.0725688 2.32973 0.500892
seq09_02/frame-002390 0.624495 -0.760846 -0.139627 0.107817 0.0953216 2.3508 0.458663
seq09_02/frame-002400 0.616828 -0.769651 -0.130029 0.10125 0.108312 2.35364 0.43815
seq09_02/frame-002410 0.618355 -0.767724 -0.125902 0.111293 0.107533 2.35781 0.42333
seq09_02/frame-002420 0.609351 -0.775227 -0.123367 0.111782 0.126722 2.36984 0.40605
seq09_02/frame-002430 0.608373 -0.776788 -0.120307 0.109583 0.145626 2.37676 0.39616
seq09_02/frame-002440 0.609559 -0.774635 -0.123368 0.114706 0.157087 2.37546 0.39338
seq09_02/frame-002450 0.604155 -0.77832 -0.124799 0.116789 0.163188 2.37403 0.39062
seq09_02/frame-002460 0.60527 -0.777581 -0.126938 0.113588 0.161254 2.36982 0.39053
seq09_02/frame-002470 0.609295 -0.775392 -0.125523 0.108485 0.161484 2.36334 0.39462
seq09_02/frame-002480 0.597289 -0.784959 -0.140694 0.0853862 0.169047 2.33776 0.40174
seq09_02/frame-002490 0.592581 -0.78788 -0.146512 0.0814105 0.183534 2.30445 0.41768
seq09_02/frame-002500 0.587212 -0.795118 -0.130504 0.077058 0.200854 2.29711 0.421987
seq09_02/frame-002510 0.584137 -0.800673 -0.117025 0.0633276 0.224322 2.29274 0.42136
seq09_02/frame-002520 0.580987 -0.804877 -0.108416 0.053599 0.236412 2.28975 0.42142
seq09_02/frame-002530 0.576233 -0.809113 -0.104793 0.0480568 0.244649 2.28875 0.42018
seq09_02/frame-002540 0.574616 -0.81163 -0.0966887 0.0415321 0.258162 2.28515 0.42017
seq09_02/frame-002550 0.574818 -0.812911 -0.0868269 0.0349331 0.272128 2.28208 0.41916
seq09_02/frame-002560 0.560253 -0.823238 -0.0882268 0.0247632 0.279976 2.28204 0.41596
seq09_02/frame-002570 0.549556 -0.831789 -0.0759837 0.0185014 0.29545 2.28163 0.41065
seq09_02/frame-002580 0.550029 -0.832938 -0.0589218 0.0145036 0.308515 2.28384 0.40906
seq09_02/frame-002590 0.53546 -0.843566 -0.0409129 -0.00179325 0.324274 2.28728 0.40218
seq09_02/frame-002600 0.531592 -0.843431 -0.0733704 0.0254612 0.303613 2.29332 0.40125
seq09_02/frame-002610 0.527345 -0.838666 -0.110955 0.0789646 0.236315 2.2986 0.40711
seq09_02/frame-002620 0.532598 -0.829153 -0.11606 0.123994 0.178461 2.31167 0.40645
seq09_02/frame-002630 0.527345 -0.826621 -0.132078 0.145462 0.140004 2.32609 0.39896
seq09_02/frame-002640 0.535848 -0.839332 -0.0353038 0.0845046 0.122549 2.34916 0.4172
seq09_02/frame-002650 0.529755 -0.844661 0.0401178 0.0655571 0.0383512 2.32704 0.473472
seq09_02/frame-002660 0.519609 -0.852763 -0.0237518 0.0473112 -0.104811 2.27624 0.469466
seq09_02/frame-002670 0.577502 -0.816343 0.0065714 -0.00575094 -0.182457 2.2064 0.461827
seq09_02/frame-002680 0.630794 -0.774975 -0.0386005 -0.00487375 -0.158191 2.28445 0.451862
seq09_02/frame-002690 0.653335 -0.752245 -0.0593804 0.0612635 -0.110815 2.34814 0.38512
seq09_02/frame-002700 0.647702 -0.755082 -0.0577748 0.0836321 -0.0852118 2.37304 0.30267
seq09_02/frame-002710 0.64044 -0.760701 -0.0774352 0.0719382 -0.082561 2.39997 0.27352
seq09_02/frame-002720 0.631241 -0.769195 -0.0688176 0.0716726 -0.0936117 2.38428 0.2551
seq09_02/frame-002730 0.607478 -0.785588 -0.0722325 0.0927677 -0.107241 2.36186 0.20131
seq09_02/frame-002740 0.596373 -0.79409 -0.0725018 0.0922094 -0.101937 2.33413 0.14721
seq09_02/frame-002750 0.591118 -0.801731 -0.0427588 0.0773221 -0.0813348 2.31804 0.13948
seq09_02/frame-002760 0.534259 -0.839072 -0.0727837 0.0723025 -0.09943 2.31442 0.21248
seq09_02/frame-002770 -0.370999 0.878241 0.275053 -0.124088 -0.238131 2.26108 0.33742
seq09_02/frame-002780 -0.273237 0.837969 0.447604 -0.150996 -0.339982 2.18307 0.41488
seq09_02/frame-002790 -0.196683 0.830339 0.504253 -0.132595 -0.350857 2.13649 0.460359
seq09_02/frame-002800 -0.211231 0.760739 0.576876 -0.209454 -0.354843 2.06495 0.528589
seq09_02/frame-002810 -0.261941 0.725385 0.580452 -0.261304 -0.347274 2.05382 0.543566
seq09_02/frame-002820 -0.262597 0.720064 0.584678 -0.265901 -0.362473 2.05494 0.526787
seq09_02/frame-002830 -0.188399 0.762541 0.598669 -0.156946 -0.464787 2.09489 0.575744
seq09_02/frame-002840 -0.127681 0.760111 0.63157 -0.0839554 -0.625611 2.10769 0.706458
seq09_02/frame-002850 -0.0599114 0.7393 0.670695 0.00385501 -0.703341 2.11158 0.741025
seq09_02/frame-002860 -0.014655 0.682523 0.730212 0.027148 -0.755533 2.1305 0.685071
seq09_02/frame-002870 -0.0237015 0.61874 0.783837 0.0468732 -0.777169 2.14036 0.658059
seq09_02/frame-002880 0.00618426 0.584408 0.809953 0.049043 -0.775118 2.12661 0.642808
seq09_02/frame-002890 0.020629 0.587541 0.806839 0.0581448 -0.770752 2.12792 0.639056
seq09_02/frame-002900 -0.0767827 0.632827 0.756769 -0.144687 -0.785487 2.13688 0.691167
seq09_02/frame-002910 -0.255178 0.667945 0.648382 -0.261408 -0.785848 2.21772 0.766665
seq09_02/frame-002920 -0.322076 0.688875 0.602767 -0.241643 -0.730101 2.31597 0.758568
seq09_02/frame-002930 -0.353141 0.658316 0.612005 -0.259542 -0.634597 2.4451 0.730529
seq09_02/frame-002940 -0.35011 0.654159 0.59515 -0.3087 -0.571336 2.5712 0.675629
seq09_02/frame-002950 -0.396508 0.680528 0.545428 -0.286657 -0.547059 2.6723 0.682186
seq09_02/frame-002960 -0.4353 0.734633 0.470815 -0.221724 -0.570526 2.78932 0.650427
seq09_02/frame-002970 -0.492596 0.789786 0.33561 -0.144753 -0.631537 2.91986 0.679839
seq09_02/frame-002980 0.513204 -0.782662 -0.307893 0.171064 -0.673632 2.98887 0.774016
seq09_02/frame-002990 -0.497667 0.824327 0.234009 -0.134359 -0.648972 3.08573 0.924707
seq09_02/frame-003000 -0.464001 0.874212 0.128796 -0.0621839 -0.597626 3.10996 1.06156
seq09_02/frame-003010 0.556417 -0.830267 -0.0202532 0.0254144 -0.653739 3.11297 1.09902
seq09_02/frame-003020 0.565896 -0.795633 0.183718 -0.113919 -0.772377 3.19372 1.123
seq09_02/frame-003030 0.547327 -0.747354 0.322382 -0.194838 -0.826138 3.3176 1.13348
seq09_02/frame-003040 0.562134 -0.699269 0.366056 -0.247045 -0.810253 3.48646 1.11738
seq09_02/frame-003050 0.570345 -0.650397 0.40545 -0.295467 -0.825824 3.60862 1.10543
seq09_02/frame-003060 0.562603 -0.603626 0.445311 -0.347582 -0.834915 3.76843 0.961899
seq09_02/frame-003070 0.539602 -0.615497 0.43835 -0.371273 -0.811969 3.85555 0.706142
seq09_02/frame-003080 0.568316 -0.575421 0.458743 -0.368053 -0.836783 3.88798 0.600117
seq09_02/frame-003090 0.543124 -0.58829 0.47101 -0.370246 -0.862078 3.87954 0.542623
seq09_02/frame-003100 0.523392 -0.602384 0.477665 -0.367464 -0.843928 3.85705 0.475776
seq09_02/frame-003110 0.521636 -0.597187 0.480578 -0.374578 -0.838036 3.80977 0.442635
seq09_02/frame-003120 0.538615 -0.580979 0.47749 -0.379945 -0.827214 3.76324 0.40185
seq09_02/frame-003130 0.532437 -0.557965 0.491537 -0.404446 -0.818173 3.69813 0.388
seq09_02/frame-003140 0.528739 -0.546755 0.494168 -0.421061 -0.802357 3.63085 0.41176
seq09_02/frame-003150 0.518508 -0.546849 0.49755 -0.429592 -0.779315 3.5614 0.432443
seq09_02/frame-003160 0.519988 -0.531204 0.499416 -0.444992 -0.761336 3.46171 0.41089
seq09_02/frame-003170 0.525873 -0.518567 0.489556 -0.463557 -0.766662 3.38419 0.36623
seq09_02/frame-003180 0.518985 -0.523259 0.496789 -0.458322 -0.781173 3.34451 0.31278
seq09_02/frame-003190 0.501039 -0.538391 0.501653 -0.455454 -0.814709 3.32595 0.25816
seq09_02/frame-003200 -0.477952 0.547828 -0.521174 0.447015 -0.835446 3.32322 0.22238
seq09_02/frame-003210 -0.456826 0.549173 -0.542794 0.441694 -0.832226 3.31735 0.19284
seq09_02/frame-003220 0.457971 -0.545732 0.546388 -0.440341 -0.829466 3.31477 0.1748
seq09_02/frame-003230 0.473323 -0.543269 0.550349 -0.421829 -0.827761 3.32824 0.15283
seq09_02/frame-003240 0.423924 -0.565788 0.576472 -0.409697 -0.841048 3.39303 0.29038
seq09_02/frame-003250 -0.428754 0.600863 -0.554535 0.384221 -0.874555 3.49736 0.540738
seq09_02/frame-003260 -0.40629 0.660354 -0.546803 0.316018 -0.920039 3.59623 0.65274
seq09_02/frame-003270 -0.386918 0.726868 -0.511188 0.246257 -0.964983 3.68767 0.679541
seq09_02/frame-003280 -0.37891 0.755051 -0.494084 0.205441 -0.980736 3.74363 0.641684
seq09_02/frame-003290 -0.363746 0.777955 -0.475886 0.189752 -0.982443 3.78373 0.618837
seq09_02/frame-003300 -0.395867 0.842454 -0.34843 0.110256 -1.03248 3.86843 0.622152
seq09_02/frame-003310 -0.409275 0.856074 -0.300644 0.0961474 -1.06824 3.88125 0.635135
seq09_02/frame-003320 -0.414255 0.8593 -0.285847 0.0910354 -1.07624 3.88189 0.638201
seq09_02/frame-003330 -0.41099 0.861262 -0.283355 0.0950002 -1.07496 3.88676 0.63973
seq09_02/frame-003340 -0.414032 0.860816 -0.280178 0.0952502 -1.07745 3.88614 0.641973
seq09_02/frame-003350 -0.415851 0.86061 -0.277481 0.0970767 -1.0792 3.88808 0.645046
seq09_02/frame-003360 -0.419704 0.857976 -0.278524 0.100745 -1.0845 3.8864 0.649454
seq09_02/frame-003370 -0.497561 0.823925 -0.254857 0.0928936 -1.09257 3.88117 0.680213
seq09_02/frame-003380 0.659827 -0.711168 0.216181 -0.110145 -1.11773 3.8459 0.74277
seq09_02/frame-003390 0.695007 -0.686403 0.183505 -0.110192 -1.13415 3.84284 0.758929
seq09_02/frame-003400 0.689636 -0.697225 0.166379 -0.102946 -1.13795 3.84944 0.762094
seq09_02/frame-003410 -0.487797 0.859267 -0.153817 0.00736356 -1.1285 3.91297 0.691713
seq09_02/frame-003420 -0.376166 0.921615 -0.0902293 -0.0313429 -1.15781 3.94609 0.635874
seq09_02/frame-003430 -0.320124 0.947003 -0.00308458 -0.0263565 -1.18664 3.96356 0.612564
seq09_02/frame-003440 -0.30829 0.95065 0.0332252 -0.010867 -1.19779 3.96751 0.612277
seq09_02/frame-003450 -0.306291 0.950832 0.0456741 -0.0041809 -1.20294 3.96857 0.615928
seq09_02/frame-003460 -0.310593 0.949519 0.0440555 0.00194571 -1.2041 3.96645 0.620156
seq09_02/frame-003470 -0.31463 0.94837 0.0393985 0.00710027 -1.20139 3.96637 0.622471
seq09_02/frame-003480 -0.31872 0.947057 0.0376203 0.00920641 -1.20105 3.9652 0.62439
seq09_02/frame-003490 -0.317817 0.94735 0.038244 0.00761238 -1.20253 3.96464 0.624594
seq09_02/frame-003500 -0.32123 0.946176 0.0386603 0.00822394 -1.20436 3.96505 0.626374
seq09_02/frame-003510 -0.321816 0.945992 0.0383154 0.00807645 -1.20409 3.96417 0.626336
seq09_02/frame-003520 -0.321165 0.946256 0.0374052 0.00726391 -1.20353 3.96312 0.625541
seq09_02/frame-003530 -0.32216 0.945925 0.0371531 0.00766638 -1.20488 3.96335 0.62569
seq09_02/frame-003540 -0.323597 0.945507 0.035039 0.00859684 -1.20579 3.9626 0.627033
seq09_02/frame-003550 -0.325402 0.945011 0.0311425 0.00986085 -1.20401 3.96074 0.628585
seq09_02/frame-003560 -0.326704 0.944524 0.0324216 0.00939316 -1.20431 3.96044 0.629588
seq09_02/frame-003570 -0.328275 0.944053 0.0301929 0.00934424 -1.2033 3.9592 0.629909
seq09_02/frame-003580 -0.330292 0.943274 0.0327166 0.00840078 -1.2038 3.959 0.630488
seq09_02/frame-003590 -0.330867 0.943178 0.0299656 0.00659319 -1.20264 3.95805 0.629482
seq09_02/frame-003600 -0.332099 0.942755 0.0295637 0.00706482 -1.20179 3.95674 0.630583
seq09_02/frame-003610 -0.332972 0.942423 0.0306706 0.00531309 -1.20236 3.95603 0.630705
seq09_02/frame-003620 -0.335018 0.941702 0.0305182 0.00524423 -1.20327 3.95598 0.630163
seq09_02/frame-003630 -0.335148 0.941657 0.0305569 0.00494233 -1.20366 3.95484 0.629978
seq09_02/frame-003640 -0.338501 0.940491 0.0293622 0.00550762 -1.20283 3.95508 0.632166
seq09_02/frame-003650 -0.359916 0.93244 0.0312529 0.00632631 -1.20426 3.95382 0.641576
seq09_02/frame-003660 -0.383198 0.923176 0.0285629 0.00939569 -1.20539 3.95125 0.650533
seq09_02/frame-003670 -0.452615 0.891007 0.0334918 0.0111913 -1.20951 3.93663 0.67208
seq09_02/frame-003680 -0.484194 0.874387 0.0301779 0.00965256 -1.21116 3.92849 0.682113
seq09_02/frame-003690 -0.487369 0.872668 0.0265643 0.0146693 -1.21278 3.92774 0.684813
seq09_02/frame-003700 -0.48518 0.873889 0.0242634 0.0181614 -1.21415 3.92887 0.685114
seq09_02/frame-003710 -0.477558 0.878107 0.0195895 0.021961 -1.214 3.92858 0.682162
seq09_02/frame-003720 -0.474424 0.87983 0.0191813 0.0212966 -1.21417 3.92908 0.681471
seq09_02/frame-003730 -0.473489 0.880288 0.0192091 0.0230545 -1.21202 3.92948 0.681725
seq09_02/frame-003740 -0.474846 0.879593 0.0169014 0.0234969 -1.21125 3.92684 0.682011
seq09_02/frame-003750 -0.47515 0.879415 0.0111988 0.0271086 -1.20781 3.92597 0.683575
seq09_02/frame-003760 -0.470869 0.881695 0.0063767 0.0292584 -1.2061 3.92726 0.682737
seq09_02/frame-003770 -0.470579 0.881853 0.00241122 0.0297525 -1.20418 3.9245 0.680301
seq09_02/frame-003780 -0.471988 0.881273 -0.0007202 0.024185 -1.20086 3.92623 0.679443
seq09_02/frame-003790 -0.438057 0.898899 -0.00877184 -0.0033017 -1.17538 3.97338 0.673923
seq09_02/frame-003800 -0.395296 0.91847 0.00240258 -0.0122085 -1.16186 4.08077 0.861475
seq09_02/frame-003810 -0.311897 0.94957 0.0305827 -0.0100892 -1.193 4.17553 1.12388
seq09_02/frame-003820 -0.197577 0.978 0.0640602 0.0193404 -1.19909 4.22974 1.24298
seq09_02/frame-003830 -0.116647 0.988268 0.0971892 0.0165457 -1.15845 4.24864 1.23267
seq09_02/frame-003840 -0.246109 0.951838 0.176898 -0.0462878 -1.13624 4.24792 1.24135
seq09_02/frame-003850 -0.282971 0.928574 0.229382 -0.0711495 -1.14785 4.24333 1.24164
seq09_02/frame-003860 -0.300951 0.896184 0.305575 -0.113603 -1.21015 4.28217 1.2306
seq09_02/frame-003870 -0.276176 0.866948 0.402118 -0.102126 -1.32487 4.3714 1.21827
seq09_02/frame-003880 -0.235195 0.852206 0.459885 -0.0832683 -1.40835 4.46036 1.20602
seq09_02/frame-003890 -0.272112 0.805381 0.514155 -0.11384 -1.43545 4.51663 1.21051
seq09_02/frame-003900 -0.259174 0.724557 0.618461 -0.15922 -1.42297 4.67503 1.18685
seq09_02/frame-003910 -0.275576 0.613098 0.713293 -0.198446 -1.35198 4.7961 1.23057
seq09_02/frame-003920 -0.239994 0.545855 0.764365 -0.245339 -1.29258 4.81409 1.23407
seq09_02/frame-003930 -0.209696 0.500572 0.797585 -0.263273 -1.21122 4.91685 1.20715
seq09_02/frame-003940 -0.215298 0.512613 0.777505 -0.293871 -1.12896 5.02107 1.19098
seq09_02/frame-003950 -0.205915 0.545228 0.743837 -0.327159 -1.07644 5.04904 1.13679
seq09_02/frame-003960 -0.182976 0.540553 0.786614 -0.235715 -1.06313 5.01879 1.08657
seq09_02/frame-003970 -0.181686 0.549253 0.781804 -0.23258 -1.07133 5.01124 1.08175
seq09_02/frame-003980 -0.19404 0.562147 0.772261 -0.223499 -1.09718 4.9976 1.0533
seq09_02/frame-003990 -0.236093 0.579551 0.738428 -0.251208 -1.13629 4.95339 0.909265
seq09_02/frame-004000 -0.27293 0.564587 0.699002 -0.343724 -1.12567 4.93993 0.695452
seq09_02/frame-004010 -0.348372 0.524281 0.648785 -0.427603 -1.10449 4.91453 0.516683
seq09_02/frame-004020 -0.365981 0.476504 0.646993 -0.469471 -1.08956 4.91995 0.423095
seq09_02/frame-004030 -0.35257 0.466561 0.6649 -0.464675 -1.10656 4.92398 0.37134
seq09_02/frame-004040 -0.347041 0.470946 0.665108 -0.464116 -1.09794 4.92915 0.34229
seq09_02/frame-004050 -0.357427 0.469066 0.657893 -0.468399 -1.08244 4.93248 0.34433
seq09_02/frame-004060 -0.362529 0.478267 0.651513 -0.464075 -1.06033 4.93383 0.34488
seq09_02/frame-004070 -0.350426 0.505884 0.642549 -0.456521 -1.0092 4.94356 0.34078
seq09_02/frame-004080 -0.367074 0.490037 0.644931 -0.457367 -0.981613 4.95151 0.35619
seq09_02/frame-004090 -0.369123 0.485996 0.653271 -0.448099 -0.961212 4.95612 0.36368
seq09_02/frame-004100 -0.375261 0.474891 0.653709 -0.454228 -0.922476 4.96099 0.37113
seq09_02/frame-004110 -0.381035 0.469268 0.647084 -0.464631 -0.913963 4.95963 0.37841
seq09_02/frame-004120 -0.394776 0.470285 0.624178 -0.483099 -0.922618 4.95826 0.39908
seq09_02/frame-004130 -0.381965 0.462462 0.65149 -0.464534 -0.928293 4.95605 0.39294
seq09_02/frame-004140 -0.381725 0.471035 0.644106 -0.466412 -0.916885 4.95903 0.38573
seq09_02/frame-004150 -0.380183 0.481113 0.635294 -0.46946 -0.925377 4.97675 0.38213
seq09_02/frame-004160 -0.390632 0.483522 0.644494 -0.445242 -0.955404 5.00219 0.3615
seq09_02/frame-004170 -0.391451 0.490471 0.640849 -0.442174 -0.979787 5.02517 0.34739
seq09_02/frame-004180 -0.384637 0.505129 0.639118 -0.434081 -1.00373 5.02708 0.33152
seq09_02/frame-004190 -0.402508 0.535842 0.61349 -0.41772 -1.0355 5.05516 0.31209
seq09_02/frame-004200 -0.411663 0.54312 0.609044 -0.405734 -1.05264 5.06459 0.30522
seq09_02/frame-004210 -0.402779 0.534333 0.621817 -0.406939 -1.06323 5.05851 0.30026
seq09_02/frame-004220 -0.392136 0.527438 0.628592 -0.415823 -1.06262 5.05738 0.29747
seq09_02/frame-004230 -0.403636 0.511308 0.625592 -0.429274 -1.0728 5.02871 0.33583
seq09_02/frame-004240 -0.386399 0.477021 0.602035 -0.510589 -1.10285 4.94481 0.576054
seq09_02/frame-004250 -0.361761 0.408878 0.625093 -0.557859 -1.12318 4.93733 0.710046
seq09_02/frame-004260 -0.423582 0.426418 0.574085 -0.556032 -1.15313 5.04095 0.807202
seq09_02/frame-004270 0.437542 -0.399783 -0.514566 0.619639 -1.15263 5.0647 0.852923
seq09_02/frame-004280 0.467369 -0.320589 -0.42923 0.703243 -1.11953 5.0686 0.924637
seq09_02/frame-004290 0.449133 -0.314793 -0.439589 0.7113 -1.13398 5.07194 0.929063
seq09_02/frame-004300 0.320631 -0.22979 -0.47762 0.78503 -1.12418 5.06139 0.946226
seq09_02/frame-004310 0.264516 -0.202265 -0.487478 0.807146 -1.12106 5.05986 0.952503
seq09_02/frame-004320 0.25742 -0.194573 -0.487786 0.811135 -1.1258 5.06183 0.955144
seq09_02/frame-004330 0.0958866 -0.105625 -0.511811 0.847171 -1.10527 5.04437 0.951437
seq09_02/frame-004340 -0.0193271 -0.0642268 -0.506609 0.859563 -1.07574 5.03304 0.965037
seq09_02/frame-004350 -0.0286426 -0.0557941 -0.522618 0.850258 -1.07185 5.03571 0.969809
seq09_02/frame-004360 -0.00776237 -0.0829318 -0.551741 0.829845 -1.07765 5.02652 0.966798
seq09_02/frame-004370 0.0981446 -0.151619 -0.587801 0.788587 -1.09092 5.01989 0.958897
seq09_02/frame-004380 0.161075 -0.197855 -0.567385 0.782932 -1.10035 5.05641 0.957363
seq09_02/frame-004390 0.144222 -0.179799 -0.611691 0.756774 -1.0991 5.05643 0.955049
seq09_02/frame-004400 -0.0949241 0.157018 0.699373 -0.690805 -1.09272 5.02962 0.946766
seq09_02/frame-004410 -0.113261 0.198711 0.74019 -0.6323 -1.10937 5.01884 0.925901
seq09_02/frame-004420 -0.160987 0.260416 0.770779 -0.558719 -1.13484 5.03599 0.913035
seq09_02/frame-004430 -0.190053 0.289673 0.733751 -0.584447 -1.13595 5.04977 0.909808
seq09_02/frame-004440 -0.223578 0.287377 0.708794 -0.604185 -1.12563 5.0534 0.899193
seq09_02/frame-004450 -0.232084 0.285674 0.713727 -0.595919 -1.12338 5.04142 0.88404
seq09_02/frame-004460 -0.176589 0.258385 0.765725 -0.561889 -1.12412 5.01923 0.877709
seq09_02/frame-004470 -0.105946 0.209569 0.865306 -0.442833 -1.13475 4.9827 0.851085
seq09_02/frame-004480 -0.0844919 0.190506 0.867814 -0.451075 -1.13307 4.98584 0.852907
seq09_02/frame-004490 -0.00405434 0.0659387 0.832605 -0.549913 -1.10538 4.98167 0.869187
seq09_02/frame-004500 -0.00630003 0.0377886 0.802918 -0.594858 -1.0824 4.99077 0.883213
seq09_02/frame-004510 0.0296439 -0.0173482 0.778383 -0.626849 -1.07064 4.99188 0.889778
seq09_02/frame-004520 0.126901 -0.145467 0.884386 -0.424966 -1.04402 4.95314 0.848592
seq09_02/frame-004530 0.111043 -0.146629 0.864458 -0.467849 -1.0343 4.96003 0.852235
seq09_02/frame-004540 0.114543 -0.155062 0.868504 -0.456657 -1.02675 4.9594 0.846529
seq09_02/frame-004550 0.105163 -0.158253 0.866796 -0.461044 -1.02192 4.96289 0.845555
seq09_02/frame-004560 0.0941363 -0.152965 0.864669 -0.469135 -1.01828 4.96664 0.846231
seq09_02/frame-004570 0.0128732 -0.0489082 0.832431 -0.551815 -1.03096 4.98953 0.871019
seq09_02/frame-004580 -0.0336249 -0.0116626 -0.661255 0.749316 -1.04484 5.04667 0.916958
seq09_02/frame-004590 -0.0434017 -0.0151149 -0.64335 0.764191 -1.04534 5.05336 0.929741
seq09_02/frame-004600 0.0228957 -0.0811963 -0.69384 0.71517 -1.04881 5.02145 0.917551
seq09_02/frame-004610 -0.10373 0.208797 0.77318 -0.589776 -1.08621 4.90796 0.877209
seq09_02/frame-004620 -0.162849 0.292529 0.79156 -0.511214 -1.12921 4.83062 1.00498
seq09_02/frame-004630 -0.171421 0.306272 0.793355 -0.497394 -1.14047 4.70149 1.29228
seq09_02/frame-004640 -0.254955 0.381777 0.716198 -0.525647 -1.33234 4.54888 1.37128
seq09_02/frame-004650 -0.240817 0.416342 0.752124 -0.450527 -1.53419 4.31837 1.34005
seq09_02/frame-004660 -0.304412 0.524877 0.673475 -0.422218 -1.64402 4.14323 1.3183
seq09_02/frame-004670 -0.287146 0.559963 0.693277 -0.35122 -1.79272 3.99136 1.28071
seq09_02/frame-004680 -0.305302 0.555889 0.67583 -0.375543 -2.04623 3.94684 1.28081
seq09_02/frame-004690 -0.406985 0.551003 0.588776 -0.42907 -2.20607 3.97563 1.36405
seq09_02/frame-004700 -0.477685 0.58183 0.532325 -0.387197 -2.31785 3.97112 1.37056
seq09_02/frame-004710 -0.497582 0.568076 0.490437 -0.434942 -2.43173 3.91166 1.38814
seq09_02/frame-004720 0.54013 -0.471363 -0.446024 0.535853 -2.46357 3.84347 1.4613
seq09_02/frame-004730 0.57802 -0.417256 -0.410553 0.568539 -2.46759 3.8366 1.52614
seq09_02/frame-004740 0.574037 -0.441664 -0.429434 0.539445 -2.47346 3.85125 1.63981
seq09_02/frame-004750 0.546254 -0.446257 -0.476998 0.524342 -2.4565 3.84974 1.78408
seq09_02/frame-004760 0.5347 -0.431907 -0.49449 0.532008 -2.42838 3.8335 1.84493
seq09_02/frame-004770 0.53011 -0.427687 -0.490527 0.543553 -2.40973 3.82258 1.87569
seq09_02/frame-004780 0.539582 -0.444042 -0.479729 0.530602 -2.40976 3.8253 1.89263
seq09_02/frame-004790 0.537362 -0.474939 -0.451084 0.531223 -2.46743 3.73338 1.87133
seq09_02/frame-004800 0.543067 -0.526908 -0.419958 0.50108 -2.58569 3.54913 1.84731
seq09_02/frame-004810 0.556355 -0.539751 -0.449003 0.44445 -2.69737 3.39243 1.86087
seq09_02/frame-004820 0.50258 -0.443773 -0.538233 0.510671 -2.74528 3.35909 1.85586
seq09_02/frame-004830 0.350369 -0.285406 -0.620313 0.64109 -2.76873 3.41726 1.84358
seq09_02/frame-004840 0.207094 -0.167754 -0.651647 0.710159 -2.8029 3.51703 1.82854
seq09_02/frame-004850 0.0811402 -0.0411805 -0.652669 0.75216 -2.79885 3.61352 1.84523
seq09_02/frame-004860 -0.0567563 0.0791938 -0.668656 0.737162 -2.73964 3.63123 1.85843
seq09_02/frame-004870 -0.0753427 0.0689378 -0.681089 0.725043 -2.72085 3.6531 1.85342
seq09_02/frame-004880 0.0738974 -0.0585141 0.734209 -0.672349 -2.73511 3.67061 1.82781
seq09_02/frame-004890 0.0858857 -0.080772 0.726907 -0.676539 -2.76336 3.68274 1.8138
seq09_02/frame-004900 0.110475 -0.088818 0.704254 -0.695652 -2.85048 3.69872 1.7804
seq09_02/frame-004910 0.108365 -0.0761037 0.707027 -0.694679 -2.94933 3.68582 1.73101
seq09_02/frame-004920 0.0987463 -0.0699 0.711084 -0.69262 -2.99591 3.63583 1.71435
seq09_02/frame-004930 -0.00412609 0.0341554 0.787264 -0.615655 -2.99219 3.55444 1.68211
seq09_02/frame-004940 -0.0210474 0.0789185 0.816542 -0.571478 -2.88859 3.54844 1.6014
seq09_02/frame-004950 -0.0154186 0.0918296 0.821597 -0.562412 -2.83104 3.58874 1.55104
seq09_02/frame-004960 -0.0436446 0.123814 0.89501 -0.426288 -2.76171 3.64951 1.45176
seq09_02/frame-004970 -0.0445145 0.128418 0.931032 -0.338685 -2.72648 3.66996 1.39225
seq09_02/frame-004980 -0.0685424 0.184626 0.930859 -0.30776 -2.70979 3.668 1.37303
seq09_02/frame-004990 -0.0483749 0.192459 0.933143 -0.299771 -2.6984 3.64894 1.35696
seq09_02/frame-005000 -0.0412123 0.1473 0.940586 -0.303152 -2.76768 3.67336 1.35889
seq09_02/frame-005010 -0.0355222 0.094766 0.970113 -0.220543 -2.89664 3.64851 1.36568
seq09_02/frame-005020 -0.0252719 0.0134473 0.981368 -0.189997 -2.94953 3.53587 1.35631
seq09_02/frame-005030 -0.0571449 -0.0338212 0.989746 -0.126467 -2.98671 3.38213 1.32415
seq09_02/frame-005040 -0.000264005 -0.0643783 0.993596 -0.0928571 -3.0351 3.27481 1.25314
seq09_02/frame-005050 0.00941298 -0.0873086 0.993998 -0.0652508 -3.07233 3.25708 1.22233
seq09_02/frame-005060 0.00502172 -0.0739717 0.993375 -0.0877944 -3.11399 3.30711 1.22022
seq09_02/frame-005070 -0.0119018 -0.0618927 0.993016 -0.0997337 -3.11936 3.37151 1.22804
seq09_02/frame-005080 -0.011702 -0.0914271 0.985552 -0.142093 -3.0765 3.42971 1.2105
seq09_02/frame-005090 -0.0172469 -0.0873047 0.979505 -0.180692 -3.024 3.45834 1.18282
seq09_02/frame-005100 0.00235578 -0.0855846 0.968223 -0.234978 -2.97468 3.49986 1.13973
seq09_02/frame-005110 -0.00336196 -0.0803523 0.95969 -0.269307 -2.92842 3.54983 1.12753
seq09_02/frame-005120 0.00530095 -0.0621147 0.958982 -0.276528 -2.90171 3.60257 1.08772
seq09_02/frame-005130 0.0181391 -0.0369339 0.94892 -0.312821 -2.88378 3.65202 1.04551
seq09_02/frame-005140 0.0293436 -0.0144836 0.927749 -0.371768 -2.9017 3.7086 0.98363
seq09_02/frame-005150 0.0451086 -0.00503482 0.912974 -0.405486 -2.92207 3.72523 0.915951
seq09_02/frame-005160 0.0564663 -0.00819936 0.907544 -0.416062 -2.9235 3.72728 0.881597
seq09_02/frame-005170 0.0626205 -0.00764848 0.907061 -0.416245 -2.92292 3.73285 0.87484
seq09_02/frame-005180 0.0618858 -0.00583268 0.906583 -0.417424 -2.92597 3.73704 0.876328
seq09_02/frame-005190 0.065157 -0.00585782 0.905678 -0.418889 -2.93072 3.74055 0.875546
seq09_02/frame-005200 0.064958 -0.00746654 0.90431 -0.421841 -2.93425 3.74119 0.878013
seq09_02/frame-005210 0.0660226 -0.00803398 0.90367 -0.423033 -2.93715 3.74048 0.878543
seq09_02/frame-005220 0.0666274 -0.0104916 0.902408 -0.42557 -2.9401 3.741 0.879053
seq09_02/frame-005230 0.066105 -0.0111004 0.9018 -0.426924 -2.93971 3.73763 0.880462
seq09_02/frame-005240 0.0634942 -0.0174728 0.902179 -0.426305 -2.93246 3.72726 0.884728
seq09_02/frame-005250 0.0560081 -0.026072 0.909147 -0.411867 -2.93532 3.69129 0.912453
seq09_02/frame-005260 0.0377289 -0.0515575 0.915656 -0.396852 -2.93236 3.63149 0.949648
seq09_02/frame-005270 0.0293861 -0.0593242 0.91861 -0.389581 -2.93491 3.58715 0.966112
seq09_02/frame-005280 0.0300174 -0.0547388 0.921253 -0.383921 -2.93255 3.56457 0.962445
seq09_02/frame-005290 0.0310233 -0.0541641 0.922771 -0.380261 -2.92461 3.55748 0.95962
seq09_02/frame-005300 0.0315642 -0.0559966 0.922843 -0.379774 -2.91676 3.55342 0.957477
seq09_02/frame-005310 0.0322527 -0.0596349 0.923697 -0.377076 -2.91016 3.55124 0.958327
seq09_02/frame-005320 0.0310444 -0.0603855 0.92395 -0.376439 -2.90755 3.55012 0.957412
seq09_02/frame-005330 0.0299241 -0.0618574 0.923273 -0.377948 -2.90619 3.55072 0.960093
seq09_02/frame-005340 0.028005 -0.0603151 0.923384 -0.378075 -2.90342 3.55313 0.961554
seq09_02/frame-005350 -0.00803926 0.0155163 0.925343 -0.378728 -2.909 3.5635 0.961099
seq09_02/frame-005360 -0.119259 0.294629 0.914601 -0.249953 -2.91148 3.58348 0.96087
seq09_02/frame-005370 -0.242034 0.468989 0.796272 -0.295668 -2.8422 3.58509 1.01935
seq09_02/frame-005380 -0.185381 0.46316 0.817824 -0.286846 -2.79184 3.51869 1.00788
seq09_02/frame-005390 -0.111494 0.393647 0.853928 -0.321587 -2.84459 3.52823 0.933893
seq09_02/frame-005400 -0.181893 0.550771 0.780995 -0.231544 -2.91734 3.6209 0.86227
seq09_02/frame-005410 -0.246797 0.671607 0.679207 -0.163439 -2.84399 3.60702 0.952796
seq09_02/frame-005420 -0.243457 0.756067 0.604495 -0.0606346 -2.71681 3.55704 1.01744
seq09_02/frame-005430 -0.152235 0.806931 0.569385 -0.0385673 -2.69203 3.6231 1.07299
seq09_02/frame-005440 -0.083621 0.840219 0.53517 0.0251488 -2.70863 3.72394 1.09464
seq09_02/frame-005450 -0.0220533 0.826108 0.56143 0.0430739 -2.7695 3.8305 1.06385
seq09_02/frame-005460 0.0077508 0.795648 0.60204 0.0665656 -2.80834 3.86304 1.05048
seq09_02/frame-005470 0.0247344 0.774769 0.624356 0.0964393 -2.83021 3.86224 1.04491
seq09_02/frame-005480 0.0495004 0.759484 0.642564 0.0885734 -2.85152 3.87465 1.03713
seq09_02/frame-005490 -0.00289489 0.66429 0.747357 0.012964 -2.87112 3.86154 1.05518
seq09_02/frame-005500 -0.050412 0.609575 0.789884 -0.0442809 -2.83798 3.82779 1.07136
seq09_02/frame-005510 -0.074109 0.547694 0.829748 -0.077834 -2.8257 3.8566 1.06227
seq09_02/frame-005520 -0.0456921 0.469609 0.880701 -0.0417704 -2.8301 3.96226 1.05652
seq09_02/frame-005530 -0.0106824 0.482229 0.875716 0.0214892 -2.81727 4.03685 1.04649
seq09_02/frame-005540 0.0116267 0.464871 0.885118 0.0180616 -2.8031 4.03534 1.04525
seq09_02/frame-005550 0.00705869 0.486069 0.873485 0.0266551 -2.77886 4.03559 1.05125
seq09_02/frame-005560 -0.0593906 0.53261 0.843804 -0.0281883 -2.72442 4.03227 1.08336
seq09_02/frame-005570 -0.066555 0.568471 0.818893 -0.0427269 -2.64461 4.03415 1.09116
seq09_02/frame-005580 -0.0575497 0.554176 0.829541 -0.0379178 -2.59788 4.03459 1.08653
seq09_02/frame-005590 -0.0605845 0.554121 0.829221 -0.0408803 -2.58373 4.04429 1.0872
seq09_02/frame-005600 -0.0684897 0.558831 0.824913 -0.0503388 -2.57514 4.04454 1.09772
seq09_02/frame-005610 -0.0897675 0.579263 0.808029 -0.0590404 -2.53536 4.04305 1.13126
seq09_02/frame-005620 -0.0855405 0.602411 0.790899 -0.0652857 -2.48468 4.04532 1.14738
seq09_02/frame-005630 -0.0951488 0.588715 0.798672 -0.0805256 -2.45076 4.06721 1.17101
seq09_02/frame-005640 -0.0969591 0.573865 0.808891 -0.0835055 -2.41134 4.0973 1.16664
seq09_02/frame-005650 -0.0958251 0.575675 0.806221 -0.0970824 -2.3847 4.10735 1.16493
seq09_02/frame-005660 -0.0923076 0.571797 0.808888 -0.101128 -2.37747 4.10403 1.16387
seq09_02/frame-005670 -0.0921831 0.567857 0.811288 -0.104167 -2.37617 4.1039 1.16396
seq09_02/frame-005680 -0.094404 0.565193 0.81288 -0.104266 -2.37528 4.10286 1.16683
seq09_02/frame-005690 -0.0943133 0.563338 0.814494 -0.101756 -2.37476 4.10263 1.16612
seq09_02/frame-005700 -0.0947066 0.562097 0.815038 -0.10388 -2.37217 4.10201 1.16423
seq09_02/frame-005710 -0.0998782 0.556188 0.8177 -0.109756 -2.35588 4.10592 1.1677
seq09_02/frame-005720 -0.131852 0.530352 0.823228 -0.153742 -2.32469 4.10838 1.16914
seq09_02/frame-005730 -0.171609 0.558754 0.791833 -0.177043 -2.26664 4.10189 1.16487
seq09_02/frame-005740 -0.248152 0.595737 0.737585 -0.198712 -2.17064 4.03526 1.15116
seq09_02/frame-005750 -0.30937 0.632496 0.671033 -0.23228 -2.03486 3.96509 1.12219
seq09_02/frame-005760 -0.334126 0.628858 0.654987 -0.252762 -1.97564 3.93609 1.1025
seq09_02/frame-005770 -0.33386 0.617041 0.659544 -0.269815 -1.97237 3.9173 1.10837
seq09_02/frame-005780 -0.339974 0.618248 0.65314 -0.274946 -1.97441 3.9062 1.10972
seq09_02/frame-005790 -0.341118 0.616975 0.654808 -0.272408 -1.97645 3.90368 1.11023
seq09_02/frame-005800 -0.343411 0.621268 0.65151 -0.267641 -1.97215 3.91045 1.11156
seq09_02/frame-005810 -0.340594 0.625389 0.6499 -0.265545 -1.96809 3.91458 1.10961
seq09_02/frame-005820 -0.338445 0.636267 0.642516 -0.260372 -1.96675 3.92344 1.10334
seq09_02/frame-005830 -0.435331 0.705473 0.50044 -0.249714 -2.00171 3.98548 1.1146
seq09_02/frame-005840 0.50252 -0.789039 -0.293822 0.196367 -2.14088 4.07243 1.0502
seq09_02/frame-005850 0.587238 -0.781875 -0.176464 0.112632 -2.23571 4.08032 0.819522
seq09_02/frame-005860 0.595996 -0.783508 -0.145959 0.0979876 -2.29818 4.06199 0.505488
seq09_02/frame-005870 0.603732 -0.77351 -0.150977 0.119975 -2.32825 4.04886 0.449517
seq09_02/frame-005880 0.605052 -0.770555 -0.165921 0.112376 -2.33675 4.04078 0.459997
seq09_02/frame-005890 0.584849 -0.793462 -0.146526 0.0830671 -2.33218 4.04344 0.451708
seq09_02/frame-005900 0.539771 -0.841414 0.00882629 -0.024322 -2.27806 4.04688 0.446192
seq09_02/frame-005910 -0.499977 0.864471 -0.0393218 0.0341337 -2.2584 4.05415 0.439819
seq09_02/frame-005920 -0.493114 0.868419 -0.037031 0.0362712 -2.25878 4.05946 0.437679
seq09_02/frame-005930 0.500537 -0.864398 0.0351556 -0.032287 -2.25993 4.05808 0.44054
seq09_02/frame-005940 0.5113 -0.859022 0.0245705 -0.00711496 -2.26245 4.06335 0.437909
seq09_02/frame-005950 0.518534 -0.854681 0.0212785 0.0137838 -2.26253 4.09731 0.423444
seq09_02/frame-005960 0.522078 -0.849819 -0.0292235 0.066232 -2.25845 4.11333 0.41839
seq09_02/frame-005970 0.530002 -0.843246 -0.0405137 0.0799587 -2.27206 4.12639 0.41237
seq09_02/frame-005980 0.528532 -0.845951 -0.0242782 0.0665754 -2.2671 4.13797 0.40947
seq09_02/frame-005990 -0.499392 0.865622 0.0147512 -0.0329835 -2.25868 4.11963 0.40408
seq09_02/frame-006000 0.514555 -0.855254 0.0366018 -0.0493184 -2.25106 4.08214 0.422372
seq09_02/frame-006010 0.527315 -0.84844 0.0371553 -0.0266478 -2.25857 4.07941 0.42082
seq09_02/frame-006020 0.530805 -0.846931 0.0308297 -0.00205707 -2.25495 4.10251 0.41501
seq09_02/frame-006030 0.517668 -0.854412 0.0375742 -0.0242322 -2.24502 4.12295 0.47601
seq09_02/frame-006040 -0.444192 0.89373 0.0160512 0.0606814 -2.24353 4.125 0.676646
seq09_02/frame-006050 -0.383651 0.921249 0.04958 0.0406853 -2.22144 4.07113 0.956418
seq09_02/frame-006060 -0.369937 0.912371 0.167584 -0.051385 -2.19719 4.00627 1.12372
seq09_02/frame-006070 -0.384533 0.822167 0.359155 -0.217216 -2.21258 3.97767 1.22156
seq09_02/frame-006080 -0.353457 0.679709 0.539211 -0.349736 -2.21762 4.0105 1.27581
seq09_02/frame-006090 -0.371824 0.565114 0.587015 -0.444754 -2.16943 4.0311 1.34272
seq09_02/frame-006100 -0.427278 0.505296 0.578842 -0.476499 -2.14369 4.05458 1.34616
seq09_02/frame-006110 -0.458133 0.480475 0.540273 -0.51707 -2.14885 4.08901 1.36825
seq09_02/frame-006120 0.487396 -0.419744 -0.521226 0.560877 -2.13099 4.06431 1.48343
seq09_02/frame-006130 0.472454 -0.415734 -0.538282 0.560539 -2.1237 4.04557 1.52251
seq09_02/frame-006140 0.475585 -0.409527 -0.531978 0.568423 -2.1188 4.03875 1.54698
seq09_02/frame-006150 0.476537 -0.429972 -0.532618 0.551683 -2.13103 4.04845 1.54355
seq09_02/frame-006160 -0.47074 0.448216 0.545833 -0.528747 -2.15677 4.1001 1.50131
seq09_02/frame-006170 -0.47264 0.463152 0.554073 -0.505079 -2.2113 4.16874 1.47832
seq09_02/frame-006180 -0.482172 0.462337 0.545362 -0.506296 -2.23069 4.1921 1.48218
seq09_02/frame-006190 -0.478976 0.457821 0.546819 -0.511831 -2.23902 4.19236 1.47598
seq09_02/frame-006200 -0.448099 0.448063 0.559002 -0.534756 -2.31832 4.14272 1.47163
seq09_02/frame-006210 -0.448424 0.46905 0.559331 -0.515806 -2.4926 4.09542 1.46149
seq09_02/frame-006220 -0.457467 0.478155 0.555676 -0.503305 -2.65296 4.06322 1.44954
seq09_02/frame-006230 -0.448336 0.484986 0.565025 -0.4945 -2.74634 4.04923 1.43348
seq09_02/frame-006240 -0.455531 0.483552 0.562605 -0.492081 -2.76946 4.04702 1.41056
seq09_02/frame-006250 -0.466488 0.505974 0.564838 -0.455343 -2.75926 4.07399 1.33153
seq09_02/frame-006260 -0.453746 0.49499 0.573569 -0.469168 -2.78329 4.16198 1.12756
seq09_02/frame-006270 -0.425095 0.470022 0.588775 -0.501714 -2.82976 4.19596 0.993645
seq09_02/frame-006280 -0.435127 0.489459 0.561469 -0.505813 -2.83403 4.20366 0.963352
seq09_02/frame-006290 -0.436345 0.501889 0.567965 -0.484898 -2.83088 4.19622 0.95644
seq09_02/frame-006300 -0.395748 0.486802 0.621663 -0.468979 -2.79032 4.1135 1.01173
seq09_02/frame-006310 -0.305752 0.427398 0.711147 -0.467029 -2.59071 3.99227 1.17616
seq09_02/frame-006320 -0.199801 0.30331 0.740346 -0.56566 -2.40545 3.86217 1.32676
seq09_02/frame-006330 -0.151554 0.207718 0.685317 -0.681341 -2.19991 3.80472 1.42413
seq09_02/frame-006340 -0.064278 0.10674 0.748526 -0.651295 -2.00165 3.75736 1.42858
seq09_02/frame-006350 0.0582253 -0.0121313 0.795019 -0.603661 -1.8383 3.71793 1.40242
seq09_02/frame-006360 0.0864286 -0.0994668 0.79884 -0.586933 -1.77868 3.71978 1.40186
seq09_02/frame-006370 0.110678 -0.143477 0.774746 -0.605751 -1.7461 3.71152 1.39705
seq09_02/frame-006380 0.121893 -0.194545 0.857562 -0.460307 -1.51771 3.62627 1.30534
seq09_02/frame-006390 0.0419888 -0.12207 0.93525 -0.329609 -1.32149 3.53452 1.2336
seq09_02/frame-006400 0.00966033 -0.117473 0.956031 -0.268537 -1.24723 3.4189 1.21276
seq09_02/frame-006410 0.0395501 -0.0962824 0.961956 -0.252599 -1.21338 3.21265 1.21184
seq09_02/frame-006420 0.0101327 -0.088843 0.961163 -0.261092 -1.16748 3.08723 1.20007
seq09_02/frame-006430 0.124678 -0.164714 0.893039 -0.399758 -0.979466 2.97294 1.22977
seq09_02/frame-006440 0.224334 -0.242958 0.816685 -0.472939 -0.729598 2.86145 1.29691
seq09_02/frame-006450 0.252639 -0.298684 0.777804 -0.491917 -0.598249 2.69154 1.29135
seq09_02/frame-006460 0.270275 -0.347185 0.769096 -0.46358 -0.510263 2.45754 1.27097
seq09_02/frame-006470 0.283809 -0.413883 0.749781 -0.431256 -0.349502 2.31268 1.25502
seq09_02/frame-006480 0.379288 -0.504179 0.650147 -0.423383 -0.0428097 2.23829 1.26802
seq09_02/frame-006490 0.385411 -0.552828 0.635591 -0.376649 0.187729 2.13735 1.2421
seq09_02/frame-006500 0.38976 -0.592097 0.618606 -0.338872 0.362641 2.02506 1.20891
seq09_02/frame-006510 -0.390723 0.6239 -0.597896 0.317182 0.488078 1.95898 1.20523
seq09_02/frame-006520 -0.390333 0.624475 -0.600731 0.311117 0.62015 1.91856 1.19736
seq09_02/frame-006530 0.399298 -0.590865 0.600578 -0.361588 0.7434 1.82876 1.22095
seq09_02/frame-006540 0.371654 -0.561612 0.633331 -0.381258 0.79901 1.69118 1.19116
seq09_02/frame-006550 0.383485 -0.551093 0.619386 -0.406936 0.800659 1.50147 1.1603
seq09_02/frame-006560 0.414362 -0.562025 0.586875 -0.40989 0.788614 1.28842 1.11158
seq09_02/frame-006570 0.445242 -0.543106 0.589292 -0.399413 0.784373 1.16996 1.00349
seq09_02/frame-006580 0.44356 -0.550431 0.5955 -0.381653 0.787432 1.13017 0.838098
seq09_02/frame-006590 0.422605 -0.548636 0.614166 -0.378423 0.785506 1.10921 0.657946
seq09_02/frame-006600 0.460807 -0.556524 0.587166 -0.36493 0.78119 1.08572 0.583918
seq09_02/frame-006610 0.474087 -0.549826 0.573653 -0.379282 0.787881 1.0531 0.576817
seq09_02/frame-006620 0.473249 -0.547747 0.576061 -0.379688 0.796065 1.03245 0.559367
seq09_02/frame-006630 0.479121 -0.549447 0.571611 -0.376578 0.812453 1.03324 0.557994
seq09_02/frame-006640 0.475819 -0.550367 0.571584 -0.379451 0.817044 1.03469 0.56695
seq09_02/frame-006650 0.422449 -0.526822 0.617143 -0.403893 0.801738 1.02956 0.60822
seq09_02/frame-006660 0.370446 -0.469143 0.669973 -0.440239 0.788795 1.02478 0.649692
seq09_02/frame-006670 0.226811 -0.343741 0.810898 -0.415745 0.757523 1.0161 0.644734
seq09_02/frame-006680 0.195384 -0.318837 0.83192 -0.409973 0.74907 1.02249 0.647805
seq09_02/frame-006690 0.220675 -0.332526 0.818548 -0.413169 0.780419 1.03067 0.706015
seq09_02/frame-006700 0.17746 -0.278985 0.863641 -0.380525 0.888128 1.11958 0.858799
seq09_02/frame-006710 0.0980828 -0.116283 0.910251 -0.385098 0.98593 1.24354 0.932761
seq09_02/frame-006720 0.0226622 -0.0288781 0.921496 -0.386647 0.999923 1.31502 0.965835
seq09_02/frame-006730 0.0973998 -0.226632 0.893901 -0.374288 0.972602 1.36646 0.99776
seq09_02/frame-006740 0.19056 -0.350725 0.826438 -0.397087 0.926428 1.42713 1.05493
seq09_02/frame-006750 0.517303 -0.579663 0.509942 -0.369251 0.832049 1.64369 1.25898
seq09_02/frame-006760 0.582235 -0.615479 0.396537 -0.353479 0.678425 1.73329 1.37499
seq09_02/frame-006770 0.640204 -0.662485 0.289031 -0.260217 0.545387 1.84303 1.40088
seq09_02/frame-006780 0.664473 -0.694706 0.210874 -0.177178 0.418459 1.9271 1.40663
seq09_02/frame-006790 0.670175 -0.706674 0.180925 -0.136904 0.387781 1.95376 1.40343
seq09_02/frame-006800 0.678347 -0.697412 0.187994 -0.134605 0.517612 1.94962 1.38907
seq09_02/frame-006810 0.674414 -0.69047 0.188648 -0.181185 0.791858 1.91947 1.42307
seq09_02/frame-006820 0.669121 -0.699675 0.177625 -0.176575 1.04347 1.95447 1.45307
seq09_02/frame-006830 0.685359 -0.676798 0.181369 -0.198321 1.29541 2.02125 1.52142
seq09_02/frame-006840 0.682398 -0.701171 0.101854 -0.179775 1.45896 2.06095 1.55758
seq09_02/frame-006850 0.705527 -0.695752 0.0139443 -0.134037 1.60622 2.05288 1.55761
seq09_02/frame-006860 0.675905 -0.729715 -0.0277989 -0.0994758 1.67698 2.04787 1.52625
seq09_02/frame-006870 0.593055 -0.802105 -0.0415263 -0.0564744 1.64888 2.05403 1.35252
seq09_02/frame-006880 0.609536 -0.79084 -0.0489918 -0.0252436 1.60867 2.06568 1.2362
seq09_02/frame-006890 0.645258 -0.763682 -0.0205193 0.00322124 1.59459 2.07569 1.14675
seq09_02/frame-006900 0.650467 -0.755956 0.0350331 -0.0647718 1.57726 2.08195 0.994266
seq09_02/frame-006910 0.655787 -0.753537 0.0328063 -0.0323958 1.57777 2.05415 0.86857
seq09_02/frame-006920 0.650725 -0.758946 0.0227972 -0.00620925 1.56507 2.034 0.804387
seq09_02/frame-006930 0.621614 -0.78229 0.0288567 -0.0280053 1.55147 2.05442 0.734882
seq09_02/frame-006940 0.620664 -0.781493 0.0486841 -0.0409589 1.53929 2.06132 0.671553
seq09_02/frame-006950 0.598788 -0.797477 0.0572782 -0.046938 1.5191 2.0613 0.630229
seq09_02/frame-006960 0.578441 -0.796876 0.153014 -0.0835615 1.5022 2.09049 0.628262
seq09_02/frame-006970 0.54181 -0.796354 0.229361 -0.140201 1.44166 2.13086 0.651345
seq09_02/frame-006980 0.527782 -0.77891 0.280815 -0.189442 1.33142 2.13835 0.646176
seq09_02/frame-006990 -0.487976 0.795272 -0.317153 0.169814 1.19531 2.13038 0.625903
seq09_02/frame-007000 -0.472769 0.79887 -0.337938 0.155227 1.06983 2.15512 0.6093
seq09_02/frame-007010 -0.442221 0.790268 -0.371927 0.203927 1.01552 2.16447 0.641635
seq09_02/frame-007020 -0.422077 0.734627 -0.468654 0.250077 1.0028 2.12334 0.696594
seq09_02/frame-007030 -0.4018 0.698432 -0.518166 0.286798 1.00695 2.0788 0.724398
seq09_02/frame-007040 -0.45149 0.651521 -0.503855 0.343227 1.03063 2.03983 0.904976
seq09_02/frame-007050 -0.472253 0.656526 -0.487892 0.328498 1.07066 1.99988 1.13439
seq09_02/frame-007060 -0.480648 0.680676 -0.464638 0.299615 1.09531 2.02 1.2583
seq09_02/frame-007070 0.644076 -0.64212 0.333628 -0.24807 0.960672 2.15365 1.47474
seq09_02/frame-007080 0.693008 -0.602323 0.288857 -0.271126 0.849888 2.20825 1.54403
seq09_02/frame-007090 0.674092 -0.617389 0.286725 -0.286739 0.802088 2.2443 1.57443
seq09_02/frame-007100 0.634961 -0.639955 0.329948 -0.280029 0.788163 2.26025 1.70905
seq09_02/frame-007110 0.612594 -0.651576 0.339981 -0.290846 0.788808 2.25718 1.77367
seq09_02/frame-007120 0.591507 -0.682187 0.325805 -0.280342 0.809863 2.26415 1.80108
seq09_02/frame-007130 0.584559 -0.688641 0.321384 -0.284211 0.807636 2.26084 1.8034
seq09_02/frame-007140 0.577879 -0.693069 0.322875 -0.285416 0.802227 2.2559 1.80514
seq09_02/frame-007150 0.573956 -0.697203 0.322905 -0.283221 0.797625 2.2524 1.80863
seq09_02/frame-007160 0.572584 -0.700516 0.320588 -0.280445 0.795404 2.25549 1.80689
seq09_02/frame-007170 0.572254 -0.701154 0.320626 -0.279483 0.793786 2.2584 1.80549
seq09_02/frame-007180 0.569921 -0.7021 0.322073 -0.280205 0.795431 2.26365 1.80546
seq09_02/frame-007190 0.570257 -0.703187 0.319049 -0.280254 0.795371 2.27265 1.80632
seq09_02/frame-007200 0.565892 -0.708428 0.316899 -0.278332 0.79178 2.28695 1.80833
seq09_02/frame-007210 0.510483 -0.7433 0.332034 -0.27689 0.803411 2.29522 1.86637
seq09_02/frame-007220 0.540437 -0.734843 0.305825 -0.272776 0.799641 2.29148 1.9273
seq09_02/frame-007230 0.576898 -0.724029 0.285398 -0.24803 0.79128 2.3106 1.93716
seq09_02/frame-007240 0.614211 -0.72346 0.263872 -0.172398 0.786444 2.39717 1.89952