seq04_02/frame-000000 0.136423 -0.21933 0.818479 -0.513202 0.610867 -0.297933 1.16142
seq04_02/frame-000010 0.116417 -0.199362 0.850596 -0.472427 0.602719 -0.320424 1.1341
seq04_02/frame-000020 0.125275 -0.189739 0.859885 -0.457059 0.582789 -0.331617 1.1225
seq04_02/frame-000030 0.130545 -0.183483 0.861377 -0.455328 0.503537 -0.362036 1.11005
seq04_02/frame-000040 0.137178 -0.252277 0.839049 -0.4621 0.336515 -0.432386 1.08697
seq04_02/frame-000050 0.152258 -0.313948 0.830149 -0.434864 0.173017 -0.474551 1.07685
seq04_02/frame-000060 0.163698 -0.269713 0.832701 -0.455047 0.116083 -0.501445 1.10067
seq04_02/frame-000070 0.151872 -0.215762 0.815357 -0.51534 0.104577 -0.514485 1.15601
seq04_02/frame-000080 0.159084 -0.193113 0.79386 -0.554245 0.0815003 -0.528468 1.21028
seq04_02/frame-000090 0.193553 -0.205928 0.762876 -0.581507 0.0105741 -0.560917 1.24215
seq04_02/frame-000100 0.209839 -0.271232 0.736826 -0.582656 -0.137878 -0.626571 1.24101
seq04_02/frame-000110 0.224953 -0.312639 0.754993 -0.530696 -0.332927 -0.692139 1.22614
seq04_02/frame-000120 0.181812 -0.25799 0.798937 -0.511943 -0.434704 -0.676239 1.19733
seq04_02/frame-000130 0.13086 -0.185134 0.84227 -0.489064 -0.499747 -0.626091 1.16101
seq04_02/frame-000140 0.115666 -0.171941 0.86283 -0.461067 -0.510264 -0.525968 1.11663
seq04_02/frame-000150 0.119126 -0.189921 0.859946 -0.45851 -0.472608 -0.45341 1.10661
seq04_02/frame-000160 0.140124 -0.198453 0.83092 -0.500553 -0.345471 -0.464382 1.122
seq04_02/frame-000170 0.14952 -0.197101 0.815363 -0.52343 -0.217329 -0.530855 1.1635
seq04_02/frame-000180 0.118935 -0.179225 0.802061 -0.557165 -0.0872952 -0.568793 1.19045
seq04_02/frame-000190 0.0191733 -0.0316039 0.843414 -0.535991 0.0756845 -0.607787 1.18107
seq04_02/frame-000200 -0.0418963 0.0649206 0.849339 -0.522163 0.234495 -0.663026 1.18143
seq04_02/frame-000210 -0.0589669 0.11545 0.840155 -0.526625 0.444563 -0.798327 1.18379
seq04_02/frame-000220 -0.0960152 0.131897 0.861426 -0.480967 0.65714 -0.948549 1.14769
seq04_02/frame-000230 -0.129172 0.220998 0.87663 -0.407425 0.837212 -1.05409 1.09081
seq04_02/frame-000240 -0.183888 0.2769 0.865516 -0.374693 0.93575 -1.12086 1.08045
seq04_02/frame-000250 -0.171353 0.252652 0.872851 -0.380704 0.95688 -1.20091 1.08605
seq04_02/frame-000260 -0.188069 0.254398 0.861867 -0.396354 0.972152 -1.3078 1.1101
seq04_02/frame-000270 -0.186172 0.22464 0.85882 -0.421077 0.927212 -1.42139 1.12905
seq04_02/frame-000280 -0.176403 0.16992 0.869017 -0.429906 0.734558 -1.60896 1.13107
seq04_02/frame-000290 -0.178753 0.193834 0.865031 -0.426846 0.611558 -1.74096 1.14736
seq04_02/frame-000300 -0.193934 0.323997 0.829931 -0.410645 0.528544 -1.94636 1.13702
seq04_02/frame-000310 -0.202315 0.411702 0.805677 -0.374775 0.445354 -2.11707 1.09977
seq04_02/frame-000320 -0.211906 0.431109 0.796338 -0.367541 0.343414 -2.17915 1.10193
seq04_02/frame-000330 -0.248583 0.524499 0.752401 -0.311449 0.258149 -2.21351 1.0954
seq04_02/frame-000340 -0.286732 0.620742 0.682697 -0.257661 0.205995 -2.24731 1.0985
seq04_02/frame-000350 -0.270122 0.651185 0.669085 -0.235196 0.162297 -2.27431 1.07591
seq04_02/frame-000360 -0.295904 0.69542 0.616596 -0.220544 0.125582 -2.29574 1.05384
seq04_02/frame-000370 -0.292013 0.722456 0.584526 -0.226088 0.0987015 -2.32086 1.03054
seq04_02/frame-000380 -0.228401 0.728739 0.604265 -0.227236 0.0642153 -2.33981 1.05768
seq04_02/frame-000390 -0.140863 0.766935 0.587479 -0.216421 -0.00559781 -2.34537 1.08297
seq04_02/frame-000400 -0.12108 0.787978 0.581426 -0.162399 -0.0614015 -2.34036 1.07507
seq04_02/frame-000410 -0.137629 0.784394 0.586371 -0.148165 -0.0719911 -2.3412 1.06405
seq04_02/frame-000420 -0.204071 0.71861 0.639177 -0.182779 -0.0237374 -2.33957 1.05747
seq04_02/frame-000430 -0.177825 0.51393 0.804566 -0.238598 0.108489 -2.30677 1.01913
seq04_02/frame-000440 -0.179104 0.397707 0.865992 -0.244557 0.240853 -2.30599 0.949271
seq04_02/frame-000450 -0.190636 0.326907 0.881835 -0.281347 0.334744 -2.33124 0.820302
seq04_02/frame-000460 -0.250628 0.338006 0.871101 -0.253221 0.366198 -2.3053 0.657847
seq04_02/frame-000470 -0.264195 0.27159 0.879905 -0.286719 0.42989 -2.20978 0.566461
seq04_02/frame-000480 -0.249311 0.225163 0.892621 -0.300619 0.514113 -2.078 0.5116
seq04_02/frame-000490 -0.234579 0.229298 0.89371 -0.306068 0.575427 -1.90353 0.502086
seq04_02/frame-000500 -0.171991 0.23711 0.900894 -0.320293 0.553931 -1.69215 0.528797
seq04_02/frame-000510 -0.132903 0.25375 0.893623 -0.345521 0.443654 -1.42322 0.498584
seq04_02/frame-000520 -0.133805 0.270238 0.863981 -0.403243 0.31866 -1.09664 0.39097
seq04_02/frame-000530 -0.132304 0.383341 0.801233 -0.439968 0.193216 -0.868761 0.28382
seq04_02/frame-000540 -0.172757 0.377827 0.784771 -0.45993 0.0778662 -0.740056 0.29732
seq04_02/frame-000550 -0.197842 0.381605 0.776506 -0.460734 -0.104001 -0.668132 0.34132
seq04_02/frame-000560 -0.155981 0.344044 0.787484 -0.487003 -0.294761 -0.630944 0.516073
seq04_02/frame-000570 -0.133043 0.264097 0.831696 -0.469931 -0.459533 -0.704862 0.638901
seq04_02/frame-000580 -0.0848622 0.17969 0.859748 -0.470473 -0.533296 -0.827593 0.750578
seq04_02/frame-000590 -0.0193331 0.130192 0.884473 -0.447643 -0.567708 -0.920417 0.828343
seq04_02/frame-000600 0.00910046 0.0609874 0.879462 -0.471959 -0.603498 -0.97791 0.933189
seq04_02/frame-000610 0.00542259 0.0289275 0.883601 -0.467315 -0.731448 -0.97194 1.00791
seq04_02/frame-000620 -0.0145775 -0.0063194 0.882063 -0.470863 -0.940439 -0.953875 0.974822
seq04_02/frame-000630 0.0943313 -0.0493068 0.892085 -0.439152 -1.11789 -0.956437 0.891928
seq04_02/frame-000640 0.114274 -0.108231 0.886777 -0.434574 -1.24045 -0.909963 0.809707
seq04_02/frame-000650 0.151915 -0.186507 0.855985 -0.457633 -1.30842 -0.816952 0.698228
seq04_02/frame-000660 0.15717 -0.185876 0.851342 -0.464721 -1.32977 -0.749597 0.528431
seq04_02/frame-000670 0.171233 -0.165469 0.841883 -0.484286 -1.36576 -0.700321 0.39373
seq04_02/frame-000680 0.18275 -0.156993 0.814432 -0.52788 -1.43718 -0.722227 0.36126
seq04_02/frame-000690 0.17329 -0.159961 0.802423 -0.548178 -1.49401 -0.815158 0.419142
seq04_02/frame-000700 0.162445 -0.145813 0.789858 -0.573127 -1.47224 -0.941264 0.535207
seq04_02/frame-000710 0.173801 -0.169473 0.797436 -0.55242 -1.38959 -1.09546 0.623286
seq04_02/frame-000720 0.114143 -0.104198 0.847907 -0.507117 -1.37186 -1.29141 0.609276
seq04_02/frame-000730 0.161692 -0.148753 0.833803 -0.506459 -1.42256 -1.49082 0.590604
seq04_02/frame-000740 0.157578 -0.2299 0.839445 -0.466529 -1.46502 -1.67237 0.567867
seq04_02/frame-000750 0.163135 -0.272551 0.84123 -0.437533 -1.47936 -1.82873 0.546193
seq04_02/frame-000760 0.210085 -0.351703 0.808 -0.423447 -1.43724 -1.9005 0.580075
seq04_02/frame-000770 0.197804 -0.396953 0.805546 -0.392933 -1.39013 -1.93888 0.716598
seq04_02/frame-000780 0.170574 -0.470796 0.798042 -0.335238 -1.29279 -1.95795 0.84239
seq04_02/frame-000790 0.0933173 -0.470259 0.837652 -0.261701 -1.15215 -1.97781 0.92557
seq04_02/frame-000800 0.0869507 -0.473677 0.83739 -0.258548 -1.05076 -1.97327 0.99616
seq04_02/frame-000810 0.132656 -0.495942 0.799541 -0.311734 -0.988607 -1.96131 1.06619
seq04_02/frame-000820 0.183522 -0.475699 0.756037 -0.410414 -1.00806 -1.95754 1.14642
seq04_02/frame-000830 0.176052 -0.374406 0.7534 -0.511091 -1.06136 -1.90908 1.20022
seq04_02/frame-000840 0.146824 -0.213649 0.803187 -0.536365 -1.10074 -1.75135 1.20499
seq04_02/frame-000850 0.131078 -0.127438 0.786374 -0.59008 -1.16116 -1.59565 1.23413
seq04_02/frame-000860 0.135611 -0.12865 0.698756 -0.690505 -1.21914 -1.41532 1.28056
seq04_02/frame-000870 -0.1653 0.15097 -0.652728 0.723761 -1.25129 -1.23053 1.31133
seq04_02/frame-000880 -0.184426 0.175736 -0.629181 0.734327 -1.19963 -1.10156 1.33047
seq04_02/frame-000890 -0.200603 0.191495 -0.628903 0.72634 -1.05423 -0.978242 1.31766
seq04_02/frame-000900 -0.188386 0.174416 -0.638944 0.725148 -0.90587 -0.852382 1.3267
seq04_02/frame-000910 -0.131086 0.153704 -0.648899 0.733568 -0.862251 -0.770881 1.32588
seq04_02/frame-000920 -0.018522 0.0255539 -0.687756 0.725255 -0.902991 -0.712614 1.30742
seq04_02/frame-000930 -0.0629766 0.0933716 0.72411 -0.680426 -0.934898 -0.641 1.28956
seq04_02/frame-000940 -0.125865 0.170966 0.745522 -0.631764 -0.884333 -0.628887 1.25467
seq04_02/frame-000950 -0.199567 0.303459 0.728816 -0.580442 -0.759647 -0.666506 1.21086
seq04_02/frame-000960 -0.258171 0.365647 0.735356 -0.508824 -0.70118 -0.640533 1.18911
seq04_02/frame-000970 -0.250512 0.394224 0.758075 -0.455141 -0.667762 -0.564317 1.14503
seq04_02/frame-000980 -0.227858 0.42699 0.768605 -0.418339 -0.626976 -0.505648 1.10415
seq04_02/frame-000990 -0.257612 0.483805 0.734868 -0.399424 -0.550342 -0.480097 1.09922
seq04_02/frame-001000 -0.255658 0.537188 0.720262 -0.356778 -0.393635 -0.52447 1.04576
seq04_02/frame-001010 -0.245887 0.534631 0.739323 -0.327277 -0.287794 -0.572346 0.992917
seq04_02/frame-001020 -0.249674 0.520148 0.754076 -0.313812 -0.200264 -0.556599 0.959515
seq04_02/frame-001030 -0.299056 0.566482 0.70656 -0.300726 -0.133269 -0.442664 0.974925
seq04_02/frame-001040 -0.35016 0.593062 0.641689 -0.33749 -0.0773075 -0.356375 1.04047
seq04_02/frame-001050 -0.409757 0.566077 0.60201 -0.386318 -0.00833745 -0.345726 1.11454
seq04_02/frame-001060 -0.462347 0.518138 0.552509 -0.46098 0.0884793 -0.342788 1.23516
seq04_02/frame-001070 -0.493792 0.463556 0.52995 -0.510332 0.125552 -0.26109 1.30764
seq04_02/frame-001080 0.527052 -0.452522 -0.50359 0.513651 0.0976406 -0.160957 1.34319
seq04_02/frame-001090 0.514047 -0.492889 -0.512711 0.479525 0.0318362 -0.11025 1.30906
seq04_02/frame-001100 -0.467489 0.528736 0.56034 -0.433489 -0.0465115 -0.11511 1.2392
seq04_02/frame-001110 -0.44058 0.588288 0.56545 -0.374264 -0.0849161 -0.117847 1.15456
seq04_02/frame-001120 -0.434817 0.6218 0.55493 -0.341106 -0.101133 -0.183649 1.10663
seq04_02/frame-001130 -0.461965 0.65903 0.506807 -0.308892 -0.136887 -0.31272 1.09466
seq04_02/frame-001140 0.501563 -0.674812 -0.45562 0.292358 -0.140361 -0.367958 1.12448
seq04_02/frame-001150 0.560424 -0.646766 -0.405237 0.321563 -0.108156 -0.386666 1.19458
seq04_02/frame-001160 0.620084 -0.595684 -0.359005 0.363005 -0.0685262 -0.406959 1.28313
seq04_02/frame-001170 0.617204 -0.535858 -0.371655 0.440214 -0.0481835 -0.432827 1.34314
seq04_02/frame-001180 0.517549 -0.516565 -0.468294 0.495989 -0.0433074 -0.431929 1.33404
seq04_02/frame-001190 -0.400931 0.501939 0.60768 -0.466945 -0.0076354 -0.350075 1.23488
seq04_02/frame-001200 -0.329284 0.49654 0.693328 -0.405359 0.045941 -0.290291 1.14637
seq04_02/frame-001210 -0.248589 0.475907 0.760204 -0.365795 0.101873 -0.334626 1.06664
seq04_02/frame-001220 -0.208044 0.448636 0.799581 -0.340757 0.145009 -0.391893 1.03147
seq04_02/frame-001230 -0.157556 0.339012 0.855641 -0.357945 0.23619 -0.473468 1.026
seq04_02/frame-001240 -0.0991047 0.208633 0.898517 -0.373252 0.356604 -0.527357 1.02471
seq04_02/frame-001250 -0.0314235 0.0563113 0.915894 -0.396205 0.495371 -0.547007 1.03574
seq04_02/frame-001260 0.0561185 -0.102981 0.899266 -0.421386 0.610325 -0.52226 1.056
seq04_02/frame-001270 0.12858 -0.255699 0.843269 -0.454955 0.609303 -0.495193 1.08099
seq04_02/frame-001280 0.161445 -0.314598 0.808336 -0.470699 0.54604 -0.498036 1.10721
seq04_02/frame-001290 0.17926 -0.306253 0.789334 -0.501026 0.495276 -0.560439 1.13533
seq04_02/frame-001300 0.162085 -0.295376 0.81475 -0.471872 0.510265 -0.719088 1.14642
seq04_02/frame-001310 0.123261 -0.317191 0.83152 -0.439058 0.608297 -0.94404 1.17186
seq04_02/frame-001320 0.123448 -0.358852 0.83995 -0.387904 0.699646 -1.14709 1.18791
seq04_02/frame-001330 0.131381 -0.425617 0.815988 -0.368448 0.769462 -1.33558 1.17852
seq04_02/frame-001340 0.144523 -0.482399 0.806504 -0.309769 0.839252 -1.50665 1.14929
seq04_02/frame-001350 0.138252 -0.522294 0.802143 -0.254289 0.933948 -1.64996 1.10725
seq04_02/frame-001360 0.115509 -0.537849 0.812012 -0.194967 0.984314 -1.78842 1.06135
seq04_02/frame-001370 0.104075 -0.530743 0.823623 -0.170661 0.987814 -1.92821 1.02557
seq04_02/frame-001380 0.0825829 -0.567578 0.800736 -0.172792 0.954021 -2.08045 1.00525
seq04_02/frame-001390 0.0716252 -0.567197 0.80629 -0.151835 0.903691 -2.22264 0.990317
seq04_02/frame-001400 0.0753243 -0.517273 0.830741 -0.191378 0.854984 -2.32278 1.00191
seq04_02/frame-001410 0.0845947 -0.479171 0.834069 -0.259937 0.810162 -2.3372 1.01801
seq04_02/frame-001420 0.137228 -0.480973 0.794518 -0.344346 0.774665 -2.23977 1.04569
seq04_02/frame-001430 0.230377 -0.535325 0.714049 -0.387927 0.744889 -2.04828 1.08719
seq04_02/frame-001440 0.337054 -0.60275 0.620961 -0.370804 0.717977 -1.80726 1.11816
seq04_02/frame-001450 -0.446197 0.664768 -0.499232 0.331299 0.661117 -1.5928 1.15899
seq04_02/frame-001460 0.530708 -0.620648 0.437062 -0.376991 0.627596 -1.54219 1.2292
seq04_02/frame-001470 0.584072 -0.542663 0.418622 -0.434894 0.634168 -1.57655 1.28966
seq04_02/frame-001480 0.597016 -0.472542 0.426256 -0.48845 0.657544 -1.62814 1.31503
seq04_02/frame-001490 0.661995 -0.577272 0.319891 -0.355231 0.649939 -1.58354 1.30874
seq04_02/frame-001500 0.668291 -0.625954 0.270763 -0.297083 0.628937 -1.51637 1.29305
seq04_02/frame-001510 0.608371 -0.696109 0.275898 -0.263052 0.650965 -1.46469 1.2469
seq04_02/frame-001520 0.519318 -0.768135 0.291759 -0.234853 0.692896 -1.42096 1.17548
seq04_02/frame-001530 -0.457045 0.811943 -0.294579 0.212322 0.711223 -1.40329 1.11643
seq04_02/frame-001540 -0.411439 0.849489 -0.273919 0.184541 0.708375 -1.39077 1.07313
seq04_02/frame-001550 -0.366304 0.899724 -0.202339 0.124005 0.654687 -1.36559 1.02891
seq04_02/frame-001560 -0.372371 0.920399 -0.0919471 0.0758434 0.559774 -1.31872 1.02388
seq04_02/frame-001570 -0.434213 0.895922 -0.064917 0.0675893 0.521436 -1.30071 1.06847
seq04_02/frame-001580 -0.456309 0.886268 -0.0569618 0.055358 0.518534 -1.30959 1.09602
seq04_02/frame-001590 -0.390269 0.920204 -0.0157897 0.0257975 0.503852 -1.32075 1.0701
seq04_02/frame-001600 -0.397877 0.915845 0.033795 0.0421789 0.529864 -1.3835 1.0406
seq04_02/frame-001610 -0.339575 0.939507 0.0367597 0.0257957 0.570997 -1.44157 1.00605
seq04_02/frame-001620 -0.30347 0.952235 0.0232547 0.024792 0.53215 -1.50284 0.969519
seq04_02/frame-001630 -0.306893 0.950946 0.0351693 -0.0167734 0.432577 -1.56717 0.966726
seq04_02/frame-001640 -0.390494 0.919508 0.0384216 -0.023317 0.379341 -1.60962 1.02862
seq04_02/frame-001650 -0.495472 0.868525 -0.000530509 0.0130561 0.411486 -1.61045 1.11204
seq04_02/frame-001660 0.563973 -0.825733 -0.0036688 -0.00930822 0.452075 -1.5953 1.17027
seq04_02/frame-001670 0.614108 -0.789179 -0.00814035 -1.75859e-05 0.505908 -1.59058 1.21318
seq04_02/frame-001680 0.646147 -0.762819 -0.0174405 0.0172983 0.538072 -1.60214 1.24172
seq04_02/frame-001690 0.680416 -0.732226 -0.0205517 0.0213494 0.555889 -1.62829 1.26928
seq04_02/frame-001700 0.719834 -0.694017 -0.00886859 0.0101202 0.566827 -1.65827 1.30024
seq04_02/frame-001710 0.751795 -0.659282 0.0120854 0.00237911 0.591564 -1.684 1.32655
seq04_02/frame-001720 0.7723 -0.634256 0.0344986 -0.00905687 0.620038 -1.70304 1.34338
seq04_02/frame-001730 0.710253 -0.703546 0.0206416 -0.0117473 0.62245 -1.67403 1.31675
seq04_02/frame-001740 0.655537 -0.754802 0.0211365 -0.00997383 0.616744 -1.64488 1.28689
seq04_02/frame-001750 0.6874 -0.725729 0.0216803 -0.0181716 0.604389 -1.65487 1.29306
seq04_02/frame-001760 0.69615 -0.710067 0.0815917 -0.0672574 0.616631 -1.65771 1.30037
seq04_02/frame-001770 0.722751 -0.676797 0.103901 -0.0937043 0.635394 -1.66007 1.31253
seq04_02/frame-001780 0.805575 -0.590189 0.0485161 -0.0192936 0.635836 -1.68589 1.34352
seq04_02/frame-001790 0.853298 -0.520896 0.0174171 0.015705 0.627109 -1.70859 1.35553
seq04_02/frame-001800 0.858473 -0.510093 -0.000752805 0.0531722 0.614536 -1.71059 1.35644
seq04_02/frame-001810 0.858329 -0.504457 -0.0285453 0.089328 0.592438 -1.71451 1.35934
seq04_02/frame-001820 0.845477 -0.519545 -0.0536396 0.111193 0.57347 -1.7107 1.35887
seq04_02/frame-001830 0.822544 -0.555579 -0.0708405 0.0986709 0.562176 -1.69407 1.35248
seq04_02/frame-001840 0.779431 -0.616262 -0.0784218 0.080986 0.561265 -1.6549 1.3254
seq04_02/frame-001850 0.717724 -0.69225 -0.0642139 0.0392417 0.585017 -1.593 1.27064
seq04_02/frame-001860 0.616115 -0.787378 -0.00942584 -0.0186836 0.633415 -1.50679 1.19441
seq04_02/frame-001870 0.549573 -0.825699 0.083114 -0.0963373 0.666744 -1.42023 1.14021
seq04_02/frame-001880 0.519913 -0.820308 0.198962 -0.131144 0.667686 -1.31919 1.12156
seq04_02/frame-001890 -0.477189 0.82776 -0.260632 0.138475 0.657906 -1.24486 1.09889
seq04_02/frame-001900 -0.456202 0.820085 -0.298694 0.173558 0.674832 -1.21987 1.0878
seq04_02/frame-001910 -0.456115 0.809893 -0.315047 0.191774 0.696218 -1.22524 1.08987