seq06_02/frame-000000 -0.27816 0.873061 -0.375889 0.138196 -0.246234 1.44515 1.28861
seq06_02/frame-000010 -0.26634 0.879423 -0.365896 0.147641 -0.157021 1.54387 1.26839
seq06_02/frame-000020 -0.335823 0.848157 -0.365973 0.184163 -0.112278 1.62521 1.32154
seq06_02/frame-000030 -0.415633 0.820206 -0.352445 0.174049 -0.204568 1.61997 1.32684
seq06_02/frame-000040 -0.41126 0.814784 -0.372187 0.168727 -0.235084 1.4981 1.25016
seq06_02/frame-000050 -0.435421 0.828777 -0.326138 0.131041 -0.182861 1.21725 1.14113
seq06_02/frame-000060 -0.460445 0.798604 -0.371142 0.111694 -0.173718 1.02191 1.04402
seq06_02/frame-000070 -0.453991 0.807402 -0.369484 0.0740059 -0.197615 1.01333 0.942012
seq06_02/frame-000080 -0.455055 0.828409 -0.311926 0.0967716 -0.271619 1.09858 1.00301
seq06_02/frame-000090 -0.435087 0.844406 -0.301445 0.0825129 -0.476647 1.27325 1.19799
seq06_02/frame-000100 -0.358472 0.866588 -0.317557 0.140291 -0.70769 1.45325 1.34452
seq06_02/frame-000110 -0.352782 0.853327 -0.346181 0.165942 -0.794926 1.54961 1.39236
seq06_02/frame-000120 -0.336372 0.835395 -0.387941 0.19614 -0.859073 1.67085 1.39453
seq06_02/frame-000130 -0.340437 0.801003 -0.455049 0.188222 -0.996676 1.8166 1.39256
seq06_02/frame-000140 -0.344357 0.781997 -0.47618 0.20773 -1.0854 1.97484 1.38099
seq06_02/frame-000150 -0.340652 0.748391 -0.522122 0.226395 -1.16915 2.12873 1.39716
seq06_02/frame-000160 -0.331883 0.683708 -0.587172 0.278614 -1.28321 2.23943 1.39739
seq06_02/frame-000170 0.297194 -0.618499 0.670813 -0.281327 -1.43607 2.31699 1.37744
seq06_02/frame-000180 0.29192 -0.591727 0.681273 -0.31703 -1.54909 2.2887 1.3852
seq06_02/frame-000190 0.302221 -0.594918 0.663636 -0.338115 -1.61135 2.2663 1.41026
seq06_02/frame-000200 -0.350425 0.665911 -0.579033 0.313823 -1.5673 2.4301 1.42458
seq06_02/frame-000210 -0.343549 0.644162 -0.603074 0.321451 -1.46739 2.65639 1.44998
seq06_02/frame-000220 0.304848 -0.600364 0.646471 -0.358756 -1.3473 2.80011 1.44715
seq06_02/frame-000230 0.264511 -0.537723 0.687398 -0.410331 -1.23431 2.94157 1.46894
seq06_02/frame-000240 0.245391 -0.435213 0.770783 -0.395305 -1.20786 3.13659 1.44237
seq06_02/frame-000250 0.211087 -0.442484 0.788146 -0.372124 -1.16561 3.26956 1.41718
seq06_02/frame-000260 0.172931 -0.460842 0.803341 -0.335205 -1.03133 3.30954 1.35106
seq06_02/frame-000270 0.170461 -0.451745 0.801908 -0.35187 -0.869468 3.34287 1.3465
seq06_02/frame-000280 0.19432 -0.430976 0.785361 -0.399635 -0.707921 3.3877 1.39293
seq06_02/frame-000290 0.234161 -0.416835 0.779136 -0.405418 -0.492576 3.40535 1.42577
seq06_02/frame-000300 0.324705 -0.542856 0.685299 -0.360886 -0.336693 3.34894 1.43748
seq06_02/frame-000310 -0.363662 0.632699 -0.591787 0.34239 -0.277486 3.37578 1.45686
seq06_02/frame-000320 -0.44325 0.634953 -0.522904 0.356279 -0.339551 3.49808 1.50635
seq06_02/frame-000330 -0.489831 0.586231 -0.502947 0.404281 -0.412052 3.56495 1.55135
seq06_02/frame-000340 0.523029 -0.507459 0.486842 -0.481569 -0.486872 3.58404 1.60782
seq06_02/frame-000350 0.528039 -0.460359 0.477926 -0.529934 -0.546011 3.55395 1.6483
seq06_02/frame-000360 0.538723 -0.427155 0.468965 -0.554423 -0.586531 3.42118 1.67326
seq06_02/frame-000370 0.47078 -0.466891 0.540263 -0.518164 -0.586401 3.23757 1.63483
seq06_02/frame-000380 0.438447 -0.488289 0.579853 -0.482813 -0.600682 3.17354 1.58868
seq06_02/frame-000390 0.405607 -0.457195 0.604105 -0.511382 -0.628145 3.11599 1.57629
seq06_02/frame-000400 0.436878 -0.409329 0.568369 -0.564397 -0.683027 3.07678 1.60828
seq06_02/frame-000410 -0.498524 0.395999 -0.496047 0.590421 -0.759269 3.01182 1.65876
seq06_02/frame-000420 0.538605 -0.42145 0.458936 -0.567155 -0.802466 2.91301 1.68609
seq06_02/frame-000430 0.571161 -0.515603 0.410056 -0.489678 -0.727757 2.74076 1.66647
seq06_02/frame-000440 0.564131 -0.549542 0.417023 -0.453706 -0.662155 2.50533 1.65052
seq06_02/frame-000450 0.584696 -0.578793 0.398602 -0.405275 -0.689587 2.343 1.60315
seq06_02/frame-000460 0.548667 -0.664483 0.363718 -0.353745 -0.711807 2.19801 1.53557
seq06_02/frame-000470 0.560124 -0.701765 0.340089 -0.279507 -0.653554 2.08516 1.5033
seq06_02/frame-000480 0.549336 -0.747828 0.283594 -0.241978 -0.540565 1.97543 1.46771
seq06_02/frame-000490 0.577747 -0.729035 0.289568 -0.225541 -0.452495 1.83455 1.49639
seq06_02/frame-000500 0.619605 -0.705396 0.263784 -0.221187 -0.408464 1.68009 1.51176
seq06_02/frame-000510 0.585267 -0.758243 0.212904 -0.192876 -0.339733 1.57964 1.48803
seq06_02/frame-000520 0.543558 -0.822596 0.142414 -0.0871864 -0.300429 1.56484 1.42619
seq06_02/frame-000530 0.501492 -0.864718 0.0228723 0.0157239 -0.349219 1.55396 1.3882
seq06_02/frame-000540 -0.493874 0.86492 0.0715868 -0.0536404 -0.475624 1.56072 1.39215
seq06_02/frame-000550 -0.478584 0.877876 0.0116798 -0.0124311 -0.654967 1.63939 1.38625
seq06_02/frame-000560 -0.48209 0.874114 -0.0543755 0.0236576 -0.815295 1.75285 1.39112
seq06_02/frame-000570 -0.488717 0.867884 -0.083715 0.0304024 -0.927005 1.90807 1.39835
seq06_02/frame-000580 0.532522 -0.844018 0.0606228 -0.0194423 -1.06746 2.09378 1.44535
seq06_02/frame-000590 0.612565 -0.78414 0.096465 -0.0241703 -1.18621 2.28293 1.50155
seq06_02/frame-000600 0.684251 -0.718674 0.114028 -0.0480246 -1.24617 2.42996 1.57386
seq06_02/frame-000610 0.717444 -0.685363 0.0943048 -0.0816046 -1.256 2.57421 1.61718
seq06_02/frame-000620 0.732256 -0.660533 0.109017 -0.124951 -1.23714 2.69826 1.64818
seq06_02/frame-000630 0.702714 -0.656459 0.196323 -0.1916 -1.19921 2.81037 1.6462
seq06_02/frame-000640 0.612945 -0.715824 0.267763 -0.200496 -1.15208 2.89893 1.56557
seq06_02/frame-000650 0.516595 -0.777791 0.308083 -0.182365 -1.11947 2.95829 1.45973
seq06_02/frame-000660 -0.458441 0.814651 -0.314839 0.164471 -1.11962 2.98266 1.39261
seq06_02/frame-000670 -0.417026 0.850304 -0.29689 0.122184 -1.13755 3.00232 1.33859
seq06_02/frame-000680 -0.384678 0.88642 -0.247608 0.0705223 -1.19116 3.03087 1.3071
seq06_02/frame-000690 -0.336371 0.911847 -0.225298 0.0680426 -1.21946 3.03976 1.27155
seq06_02/frame-000700 -0.301841 0.888929 -0.327569 0.106753 -1.11503 2.97955 1.25235
seq06_02/frame-000710 -0.27165 0.851089 -0.4278 0.137257 -0.951754 2.89409 1.24939
seq06_02/frame-000720 -0.348121 0.830255 -0.408431 0.15057 -0.827782 2.87765 1.30288
seq06_02/frame-000730 -0.440064 0.80248 -0.358738 0.183515 -0.749328 2.92991 1.38333
seq06_02/frame-000740 0.505547 -0.731868 0.373536 -0.263176 -0.643966 3.02856 1.46152
seq06_02/frame-000750 0.510345 -0.681809 0.421808 -0.311063 -0.53375 3.10684 1.50569
seq06_02/frame-000760 0.539458 -0.667415 0.398247 -0.323946 -0.423783 3.16732 1.52987
seq06_02/frame-000770 0.594698 -0.636553 0.343306 -0.351104 -0.292837 3.19792 1.5901
seq06_02/frame-000780 0.594033 -0.624814 0.340509 -0.375215 -0.196498 3.2426 1.60332
seq06_02/frame-000790 0.580961 -0.612205 0.357194 -0.400129 -0.13698 3.34324 1.59959
seq06_02/frame-000800 0.690598 -0.538779 0.319654 -0.361403 -0.138956 3.4793 1.66302
seq06_02/frame-000810 0.768546 -0.47917 0.245995 -0.34528 -0.181869 3.52934 1.715
seq06_02/frame-000820 0.815885 -0.424239 0.180891 -0.348755 -0.228358 3.50266 1.74732
seq06_02/frame-000830 0.805551 -0.379955 0.182252 -0.41654 -0.240687 3.44512 1.76653
seq06_02/frame-000840 0.747761 -0.330282 0.257859 -0.515048 -0.230366 3.35417 1.77393
seq06_02/frame-000850 0.707644 -0.297067 0.28296 -0.57526 -0.238414 3.26213 1.77502
seq06_02/frame-000860 0.756841 -0.309712 0.222352 -0.530875 -0.26707 3.21655 1.77074
seq06_02/frame-000870 0.843345 -0.395836 0.10933 -0.346597 -0.293217 3.24224 1.74257
seq06_02/frame-000880 0.826753 -0.50497 0.103552 -0.225305 -0.295811 3.28671 1.70765
seq06_02/frame-000890 0.737979 -0.624209 0.136082 -0.217328 -0.288567 3.32736 1.636
seq06_02/frame-000900 0.718778 -0.668639 0.122702 -0.145683 -0.335751 3.28038 1.59249
seq06_02/frame-000910 0.571754 -0.791799 0.172817 -0.127621 -0.37303 3.24637 1.49131
seq06_02/frame-000920 -0.484484 0.840113 -0.216692 0.111942 -0.385998 3.22544 1.41861
seq06_02/frame-000930 -0.471552 0.843415 -0.231924 0.111806 -0.399055 3.21595 1.40561