seq07_02/frame-000000 -0.263626 0.434751 0.734967 -0.448683 -1.31563 1.14154 1.51084
seq07_02/frame-000010 -0.249996 0.4279 0.732858 -0.466179 -1.4628 1.27134 1.51889
seq07_02/frame-000020 -0.256121 0.431019 0.736462 -0.454145 -1.60665 1.35288 1.51858
seq07_02/frame-000030 -0.248943 0.452141 0.739296 -0.432476 -1.77393 1.37223 1.48799
seq07_02/frame-000040 -0.271597 0.479611 0.734807 -0.395306 -1.93702 1.40292 1.48791
seq07_02/frame-000050 -0.257555 0.48127 0.737778 -0.39715 -2.12671 1.50406 1.45944
seq07_02/frame-000060 -0.241258 0.433105 0.774081 -0.393717 -2.29048 1.60773 1.45605
seq07_02/frame-000070 -0.197083 0.408162 0.799401 -0.394359 -2.44592 1.62553 1.42922
seq07_02/frame-000080 -0.21972 0.387774 0.83226 -0.329693 -2.5935 1.61196 1.41323
seq07_02/frame-000090 -0.157477 0.375278 0.849298 -0.336244 -2.69412 1.65593 1.37931
seq07_02/frame-000100 -0.133383 0.308152 0.874781 -0.349298 -2.81871 1.77898 1.33781
seq07_02/frame-000110 -0.102907 0.236457 0.891865 -0.371586 -2.86366 1.82373 1.35451
seq07_02/frame-000120 -0.0810935 0.229655 0.884309 -0.398347 -2.83184 1.84006 1.38171
seq07_02/frame-000130 -0.0857438 0.22589 0.896173 -0.372151 -2.7616 1.85 1.40715
seq07_02/frame-000140 -0.0570806 0.135155 0.909748 -0.388372 -2.67915 1.82266 1.4221
seq07_02/frame-000150 -0.0470286 0.0976166 0.902143 -0.417608 -2.70071 1.74064 1.4374
seq07_02/frame-000160 -0.0249348 0.0747425 0.89405 -0.440983 -2.7464 1.6487 1.46388
seq07_02/frame-000170 -0.0175914 0.0690819 0.875597 -0.477753 -2.72442 1.53785 1.47058
seq07_02/frame-000180 -0.0815577 0.0970138 0.853347 -0.505702 -2.67376 1.40616 1.50084
seq07_02/frame-000190 -0.0772656 0.0514372 0.865931 -0.491476 -2.62207 1.2749 1.50744
seq07_02/frame-000200 -0.042159 0.0464323 0.862873 -0.501513 -2.64465 1.11063 1.50078
seq07_02/frame-000210 -0.0218816 0.0335983 0.864036 -0.50183 -2.66602 0.944144 1.49912
seq07_02/frame-000220 -0.00667379 0.0443367 0.868104 -0.494352 -2.6395 0.817056 1.48401
seq07_02/frame-000230 -0.0545295 0.0198307 0.84764 -0.527388 -2.57543 0.744351 1.53742
seq07_02/frame-000240 -0.00267336 -0.0338115 0.832766 -0.552586 -2.49873 0.669819 1.56855
seq07_02/frame-000250 0.0389765 -0.0815629 0.829811 -0.550673 -2.4816 0.606288 1.57231
seq07_02/frame-000260 0.0468311 -0.088704 0.836423 -0.538827 -2.48681 0.558927 1.54918
seq07_02/frame-000270 0.00805426 -0.0769425 0.868016 -0.490473 -2.52261 0.507178 1.45717
seq07_02/frame-000280 0.0401853 -0.116513 0.859381 -0.496259 -2.59858 0.334498 1.37132
seq07_02/frame-000290 0.0885106 -0.187425 0.849251 -0.485602 -2.61252 0.231262 1.35233
seq07_02/frame-000300 0.115666 -0.233039 0.833476 -0.487474 -2.56092 0.273362 1.38584
seq07_02/frame-000310 0.104512 -0.265668 0.827227 -0.483936 -2.52902 0.295686 1.40455
seq07_02/frame-000320 0.137831 -0.313056 0.791148 -0.507034 -2.48658 0.141413 1.35383
seq07_02/frame-000330 0.190237 -0.365329 0.776277 -0.477219 -2.45374 0.0418836 1.35212
seq07_02/frame-000340 0.177598 -0.372166 0.792891 -0.448636 -2.4773 0.066121 1.36962
seq07_02/frame-000350 0.166274 -0.41016 0.767025 -0.464536 -2.51335 0.0314642 1.39083
seq07_02/frame-000360 0.228677 -0.477401 0.722876 -0.444124 -2.54551 -0.0862364 1.35674
seq07_02/frame-000370 0.278148 -0.481936 0.722215 -0.410825 -2.62715 -0.149418 1.36195
seq07_02/frame-000380 0.279838 -0.485034 0.718924 -0.411801 -2.72173 -0.107782 1.3863
seq07_02/frame-000390 0.310316 -0.511347 0.690076 -0.407459 -2.7965 -0.0728821 1.40058
seq07_02/frame-000400 0.336394 -0.527543 0.67395 -0.392848 -2.81819 -0.116891 1.39527
seq07_02/frame-000410 0.346519 -0.542963 0.662855 -0.381757 -2.85882 -0.253951 1.3808
seq07_02/frame-000420 0.341673 -0.535612 0.668535 -0.386577 -2.89725 -0.403033 1.36891
seq07_02/frame-000430 0.328405 -0.488606 0.69337 -0.415513 -2.92511 -0.499661 1.3734
seq07_02/frame-000440 0.297562 -0.434775 0.723913 -0.445396 -2.95607 -0.565669 1.37268
seq07_02/frame-000450 0.252895 -0.377153 0.752752 -0.476618 -2.98917 -0.603126 1.37126
seq07_02/frame-000460 0.20342 -0.315304 0.784748 -0.493329 -3.01898 -0.633204 1.36321
seq07_02/frame-000470 0.165637 -0.275641 0.81777 -0.477325 -3.04487 -0.661549 1.34322
seq07_02/frame-000480 0.168209 -0.288639 0.817637 -0.468897 -3.03416 -0.653669 1.33531
seq07_02/frame-000490 0.196729 -0.361902 0.802612 -0.431438 -2.97674 -0.602278 1.31099
seq07_02/frame-000500 0.20797 -0.43943 0.781701 -0.390631 -2.91648 -0.537422 1.29211
seq07_02/frame-000510 0.226678 -0.48296 0.756974 -0.377303 -2.87298 -0.464381 1.29243
seq07_02/frame-000520 0.260448 -0.5112 0.72419 -0.382609 -2.83741 -0.363629 1.3156
seq07_02/frame-000530 0.269601 -0.537455 0.703798 -0.378318 -2.79973 -0.228898 1.32487
seq07_02/frame-000540 0.254517 -0.594028 0.671302 -0.362912 -2.75784 -0.0456089 1.33392
seq07_02/frame-000550 -0.272451 0.639705 -0.631753 0.34269 -2.71378 0.108756 1.35784
seq07_02/frame-000560 -0.280917 0.660385 -0.607808 0.339921 -2.63355 0.214335 1.36485
seq07_02/frame-000570 -0.300358 0.662319 -0.606136 0.322053 -2.47102 0.288329 1.33959
seq07_02/frame-000580 -0.295791 0.673011 -0.609337 0.297107 -2.33459 0.348627 1.32927
seq07_02/frame-000590 -0.278585 0.662635 -0.638136 0.275841 -2.26153 0.39308 1.31759
seq07_02/frame-000600 0.257806 -0.609594 0.680579 -0.314237 -2.22224 0.4505 1.30989
seq07_02/frame-000610 0.198954 -0.527309 0.756706 -0.331298 -2.1965 0.557328 1.31057
seq07_02/frame-000620 0.145211 -0.474699 0.797308 -0.34333 -2.20527 0.591217 1.31946
seq07_02/frame-000630 0.160768 -0.454655 0.808529 -0.337229 -2.21281 0.549899 1.31385
seq07_02/frame-000640 0.136769 -0.395789 0.842801 -0.338128 -2.21595 0.514209 1.30069
seq07_02/frame-000650 0.0924982 -0.33039 0.868628 -0.35745 -2.21864 0.639112 1.32025
seq07_02/frame-000660 0.0615883 -0.252497 0.898118 -0.354732 -2.20186 0.784257 1.3506
seq07_02/frame-000670 0.0547056 -0.223463 0.90056 -0.368869 -2.18075 0.847988 1.37888
seq07_02/frame-000680 0.0663911 -0.231827 0.898325 -0.367235 -2.1119 0.888773 1.37155
seq07_02/frame-000690 0.101925 -0.215362 0.91687 -0.32028 -1.98615 0.916375 1.3118
seq07_02/frame-000700 0.0928975 -0.221647 0.92477 -0.29503 -1.87388 0.950819 1.28106
seq07_02/frame-000710 0.0681461 -0.200527 0.924067 -0.318191 -1.77767 1.03688 1.28314
seq07_02/frame-000720 0.0622849 -0.184409 0.926038 -0.323368 -1.66681 1.13053 1.31473
seq07_02/frame-000730 0.0535262 -0.172503 0.919122 -0.350132 -1.56082 1.14085 1.33052
seq07_02/frame-000740 0.0695042 -0.13813 0.920491 -0.358867 -1.42539 1.06609 1.32773
seq07_02/frame-000750 0.0590877 -0.118299 0.923055 -0.361224 -1.31514 0.996751 1.3313
seq07_02/frame-000760 0.0180631 -0.0756872 0.924154 -0.37401 -1.18556 0.942335 1.32258
seq07_02/frame-000770 -0.0167915 -0.0064383 0.926981 -0.374676 -1.0781 0.880588 1.35311
seq07_02/frame-000780 -0.0345411 0.0374629 0.917934 -0.393449 -1.009 0.745828 1.35107
seq07_02/frame-000790 -0.0233444 0.0363963 0.914839 -0.401496 -0.94962 0.569754 1.35599
seq07_02/frame-000800 -0.0209914 0.0573257 0.909544 -0.411098 -0.90032 0.447261 1.36379
seq07_02/frame-000810 -0.0428248 0.100757 0.884155 -0.454184 -0.824858 0.35289 1.39559
seq07_02/frame-000820 -0.0627555 0.124471 0.865694 -0.480773 -0.764913 0.27647 1.42953
seq07_02/frame-000830 -0.0620959 0.154201 0.86382 -0.475585 -0.742611 0.138877 1.41688
seq07_02/frame-000840 -0.052637 0.152217 0.839793 -0.518466 -0.720429 -0.00685012 1.43648
seq07_02/frame-000850 -0.0531219 0.119755 0.838004 -0.529704 -0.65349 -0.0698117 1.44991
seq07_02/frame-000860 -0.0530055 0.0664879 0.832085 -0.548092 -0.537167 -0.065794 1.47869
seq07_02/frame-000870 -0.0517548 0.0269302 0.828805 -0.556488 -0.451396 -0.0660608 1.49044
seq07_02/frame-000880 -0.0084992 -0.0213403 0.824647 -0.565179 -0.44572 -0.0526123 1.50604
seq07_02/frame-000890 0.0298231 -0.0520435 0.778874 -0.624306 -0.554752 -0.0259563 1.56166
seq07_02/frame-000900 0.0751563 -0.0955565 0.734255 -0.667901 -0.640757 0.006639 1.60531
seq07_02/frame-000910 -0.114208 0.0939031 -0.698218 0.700449 -0.683559 0.0887095 1.65235
seq07_02/frame-000920 -0.100654 0.0857868 -0.67375 0.727028 -0.687426 0.263954 1.70079
seq07_02/frame-000930 -0.103417 0.0850973 -0.639981 0.75663 -0.697026 0.406314 1.74677
seq07_02/frame-000940 -0.158743 0.108942 -0.600425 0.776159 -0.743852 0.50043 1.78254
seq07_02/frame-000950 -0.211385 0.142347 -0.554337 0.792316 -0.817602 0.578831 1.80876
seq07_02/frame-000960 -0.301555 0.179427 -0.532612 0.770191 -0.870969 0.665123 1.82626
seq07_02/frame-000970 -0.307856 0.210953 -0.546043 0.750041 -0.876921 0.743275 1.81276
seq07_02/frame-000980 -0.287839 0.244852 -0.614264 0.69273 -0.850461 0.837873 1.74556
seq07_02/frame-000990 0.262201 -0.277478 0.655496 -0.651599 -0.833332 0.908614 1.69748
seq07_02/frame-001000 0.248877 -0.305596 0.679778 -0.618526 -0.81906 0.93211 1.65528
seq07_02/frame-001010 0.235034 -0.338907 0.70485 -0.577138 -0.803788 0.934165 1.60419
seq07_02/frame-001020 0.216417 -0.387089 0.722813 -0.52997 -0.79321 0.939968 1.53655
seq07_02/frame-001030 0.248281 -0.434981 0.717831 -0.483597 -0.805447 0.932952 1.49254
seq07_02/frame-001040 0.281942 -0.483527 0.692704 -0.454832 -0.824952 0.941019 1.44565
seq07_02/frame-001050 0.3623 -0.502435 0.659052 -0.426553 -0.849815 0.993444 1.46512
seq07_02/frame-001060 0.400124 -0.486586 0.61326 -0.476495 -0.903495 1.07301 1.53834
seq07_02/frame-001070 0.408859 -0.452219 0.583923 -0.536064 -0.986701 1.19656 1.61572
seq07_02/frame-001080 -0.421122 0.41352 -0.560744 0.58071 -1.06764 1.31141 1.69165
seq07_02/frame-001090 -0.43976 0.38504 -0.52095 0.622066 -1.12105 1.36661 1.75267
seq07_02/frame-001100 -0.484729 0.393133 -0.48218 0.614807 -1.14748 1.41611 1.78445
seq07_02/frame-001110 0.523862 -0.431278 0.455442 -0.576318 -1.16102 1.45245 1.78755
seq07_02/frame-001120 0.510583 -0.500783 0.462736 -0.523831 -1.14503 1.47742 1.74313
seq07_02/frame-001130 -0.468386 0.553102 -0.509553 0.463734 -1.11367 1.4664 1.66011
seq07_02/frame-001140 -0.431183 0.599538 -0.539887 0.403926 -1.09564 1.43898 1.57976
seq07_02/frame-001150 -0.399707 0.635553 -0.556238 0.356239 -1.07829 1.37901 1.5102
seq07_02/frame-001160 -0.352459 0.663316 -0.574871 0.324511 -1.05935 1.33907 1.41812
seq07_02/frame-001170 -0.319268 0.714447 -0.562116 0.267694 -1.06583 1.38458 1.34588
seq07_02/frame-001180 -0.319503 0.729107 -0.540636 0.27209 -1.11551 1.46168 1.33535
seq07_02/frame-001190 -0.264024 0.71675 -0.58226 0.278448 -1.1974 1.53381 1.28217
seq07_02/frame-001200 -0.190821 0.672517 -0.647601 0.303184 -1.23758 1.50631 1.24678
seq07_02/frame-001210 0.162396 -0.611314 0.715624 -0.29632 -1.2163 1.38261 1.21426
seq07_02/frame-001220 0.126177 -0.543724 0.777796 -0.288925 -1.20468 1.24272 1.17558
seq07_02/frame-001230 0.0996296 -0.453077 0.834189 -0.2982 -1.20108 1.09378 1.15984
seq07_02/frame-001240 0.119882 -0.392831 0.845468 -0.341316 -1.19034 1.00686 1.22124
seq07_02/frame-001250 0.125631 -0.324686 0.854247 -0.386079 -1.13609 0.950686 1.27872
seq07_02/frame-001260 0.099904 -0.244694 0.874041 -0.40767 -1.0556 0.886602 1.32596
seq07_02/frame-001270 0.0692613 -0.18593 0.886191 -0.418687 -1.00103 0.812111 1.3479
seq07_02/frame-001280 0.0747048 -0.152043 0.893783 -0.415277 -0.94884 0.65435 1.32778
seq07_02/frame-001290 0.0943867 -0.148877 0.900425 -0.397696 -0.898844 0.50602 1.32292
seq07_02/frame-001300 0.0947831 -0.16976 0.901281 -0.387158 -0.807203 0.447768 1.29859
seq07_02/frame-001310 0.0751656 -0.202832 0.901896 -0.373888 -0.668988 0.455781 1.28537
seq07_02/frame-001320 0.038267 -0.226022 0.903501 -0.362126 -0.536507 0.492655 1.26338
seq07_02/frame-001330 0.0296488 -0.212464 0.918308 -0.332702 -0.449984 0.529488 1.23655
seq07_02/frame-001340 0.0190526 -0.172252 0.933849 -0.312877 -0.394576 0.54784 1.23381
seq07_02/frame-001350 0.0199967 -0.154358 0.94494 -0.287856 -0.367103 0.55486 1.22416
seq07_02/frame-001360 0.0257028 -0.138799 0.947244 -0.287752 -0.354721 0.548327 1.22956
seq07_02/frame-001370 0.0214191 -0.0995247 0.953075 -0.285105 -0.338136 0.489369 1.22128
seq07_02/frame-001380 0.0390177 -0.0778927 0.962025 -0.258686 -0.280358 0.38615 1.20277
seq07_02/frame-001390 0.0309397 -0.0276194 0.969842 -0.24018 -0.224948 0.290347 1.19025
seq07_02/frame-001400 -0.021143 0.0645518 0.965705 -0.250598 -0.170659 0.244019 1.17854
seq07_02/frame-001410 -0.0423838 0.0931386 0.959872 -0.261102 -0.143867 0.232455 1.19062
seq07_02/frame-001420 -0.0527234 0.071192 0.963143 -0.253984 -0.109056 0.236439 1.17725
seq07_02/frame-001430 -0.0394297 0.0451692 0.970048 -0.235395 -0.114391 0.241364 1.14505
seq07_02/frame-001440 -0.0259208 0.016544 0.976175 -0.214791 -0.149614 0.249919 1.11273
seq07_02/frame-001450 -0.0220898 -0.0124466 0.979412 -0.200273 -0.20389 0.269335 1.08607
seq07_02/frame-001460 -0.000300455 -0.0865566 0.971157 -0.222172 -0.338306 0.257193 1.09986
seq07_02/frame-001470 0.0359395 -0.165803 0.950605 -0.259936 -0.545675 0.217542 1.14772
seq07_02/frame-001480 0.0402898 -0.279752 0.917554 -0.279659 -0.699524 0.172661 1.1895
seq07_02/frame-001490 0.0667797 -0.39385 0.877679 -0.264767 -0.758646 0.0657901 1.17964
seq07_02/frame-001500 0.0623006 -0.500171 0.829196 -0.241623 -0.749505 -0.0517864 1.1708
seq07_02/frame-001510 0.0727203 -0.566275 0.7904 -0.22206 -0.739719 -0.162217 1.16726
seq07_02/frame-001520 0.0915875 -0.663918 0.712318 -0.208395 -0.718307 -0.335963 1.14087
seq07_02/frame-001530 -0.114524 0.73291 -0.641908 0.194113 -0.682825 -0.455208 1.11319
seq07_02/frame-001540 -0.143171 0.773118 -0.588232 0.189136 -0.641926 -0.509747 1.10474
seq07_02/frame-001550 -0.172689 0.803168 -0.537527 0.190174 -0.59077 -0.535315 1.11801
seq07_02/frame-001560 -0.19413 0.821088 -0.510022 0.167347 -0.565738 -0.514766 1.11842
seq07_02/frame-001570 -0.191024 0.802554 -0.544786 0.150414 -0.613991 -0.44552 1.09888
seq07_02/frame-001580 -0.169961 0.763979 -0.607373 0.136184 -0.675934 -0.327893 1.09214
seq07_02/frame-001590 0.137293 -0.638617 0.737328 -0.172238 -0.715114 -0.197062 1.11896
seq07_02/frame-001600 0.0751758 -0.436127 0.868916 -0.221647 -0.762846 -0.0894802 1.15064
seq07_02/frame-001610 0.0467494 -0.298596 0.922419 -0.240414 -0.835261 -0.0347198 1.16627
seq07_02/frame-001620 0.0600008 -0.181227 0.924445 -0.330087 -0.923747 0.0335257 1.25342
seq07_02/frame-001630 0.0218421 -0.0610571 0.903646 -0.423342 -0.978231 0.119211 1.35538
seq07_02/frame-001640 -0.0399163 0.0120332 0.881499 -0.470342 -0.948576 0.17517 1.40669
seq07_02/frame-001650 -0.0849994 0.113102 0.876726 -0.459709 -0.800609 0.184508 1.39557
seq07_02/frame-001660 -0.111043 0.193844 0.879394 -0.420429 -0.732781 0.122662 1.33101
seq07_02/frame-001670 -0.111787 0.291331 0.871946 -0.37728 -0.755427 -0.025147 1.19033
seq07_02/frame-001680 -0.162326 0.344974 0.848677 -0.366593 -0.777557 -0.167705 0.992256
seq07_02/frame-001690 -0.20943 0.383518 0.837467 -0.328178 -0.800064 -0.267331 0.739248
seq07_02/frame-001700 -0.247184 0.406825 0.810281 -0.341816 -0.853113 -0.288309 0.606045
seq07_02/frame-001710 -0.281709 0.444163 0.777207 -0.345411 -0.915628 -0.229585 0.549115
seq07_02/frame-001720 -0.291009 0.498989 0.750526 -0.320988 -0.958064 -0.14303 0.522035
seq07_02/frame-001730 -0.293997 0.490855 0.754249 -0.32208 -0.953561 -0.0670538 0.507247
seq07_02/frame-001740 -0.310367 0.479885 0.751942 -0.328582 -0.967138 0.0218548 0.507263
seq07_02/frame-001750 -0.306965 0.485915 0.743543 -0.341763 -1.00714 0.0865552 0.509642
seq07_02/frame-001760 -0.317181 0.502241 0.737694 -0.320871 -1.03195 0.147572 0.503169
seq07_02/frame-001770 -0.31804 0.525575 0.733863 -0.289944 -1.03582 0.212445 0.521367
seq07_02/frame-001780 -0.295509 0.565548 0.731654 -0.239816 -1.00817 0.295039 0.628468
seq07_02/frame-001790 -0.287049 0.602974 0.707523 -0.231162 -0.974903 0.366408 0.754722
seq07_02/frame-001800 -0.268248 0.638371 0.676519 -0.250691 -0.875295 0.407316 0.842715
seq07_02/frame-001810 -0.271901 0.623578 0.683748 -0.264024 -0.797309 0.500399 0.980323
seq07_02/frame-001820 -0.265314 0.61927 0.682989 -0.282202 -0.839162 0.623607 1.06351
seq07_02/frame-001830 -0.250189 0.591285 0.711205 -0.286313 -0.953837 0.766416 1.08609
seq07_02/frame-001840 -0.211908 0.56579 0.742557 -0.289113 -1.06694 0.863542 1.10197
seq07_02/frame-001850 -0.232863 0.556009 0.742 -0.293367 -1.20779 0.89909 1.12893
seq07_02/frame-001860 -0.25225 0.564941 0.731902 -0.285539 -1.31654 0.944492 1.16657
seq07_02/frame-001870 -0.265983 0.562946 0.720767 -0.304696 -1.42804 1.05921 1.16982
seq07_02/frame-001880 -0.270049 0.576883 0.709225 -0.302124 -1.5321 1.23901 1.18244
seq07_02/frame-001890 -0.289564 0.627648 0.664342 -0.284358 -1.63863 1.36125 1.17928
seq07_02/frame-001900 -0.327047 0.669054 0.614051 -0.261435 -1.78784 1.43092 1.1919
seq07_02/frame-001910 -0.3446 0.713059 0.563019 -0.236236 -1.92771 1.49951 1.22713
seq07_02/frame-001920 -0.33645 0.752418 0.515788 -0.233731 -2.07683 1.60332 1.20882
seq07_02/frame-001930 -0.325688 0.792311 0.462827 -0.22795 -2.20745 1.73678 1.19888
seq07_02/frame-001940 -0.336 0.842066 0.378069 -0.187329 -2.30712 1.84122 1.18842
seq07_02/frame-001950 -0.379141 0.887335 0.232706 -0.121397 -2.38843 1.9347 1.21721
seq07_02/frame-001960 -0.401038 0.908738 0.106332 -0.0453531 -2.41671 2.03536 1.24072
seq07_02/frame-001970 -0.407827 0.912639 0.0247058 -0.0125298 -2.43067 2.18044 1.23729
seq07_02/frame-001980 -0.383042 0.921742 -0.0601834 0.00708918 -2.3985 2.30827 1.23288
seq07_02/frame-001990 -0.378206 0.90901 -0.166731 0.0535008 -2.36065 2.3875 1.23332
seq07_02/frame-002000 -0.378407 0.873384 -0.281317 0.121934 -2.35672 2.44467 1.26626
seq07_02/frame-002010 -0.359053 0.832077 -0.378786 0.187752 -2.31585 2.48054 1.28144
seq07_02/frame-002020 -0.340378 0.796783 -0.456994 0.201087 -2.20891 2.55558 1.25996
seq07_02/frame-002030 -0.325908 0.781025 -0.493141 0.201484 -2.1244 2.62716 1.25535
seq07_02/frame-002040 -0.309006 0.758116 -0.531356 0.217798 -2.13092 2.68751 1.24253
seq07_02/frame-002050 -0.28312 0.729455 -0.576046 0.236454 -2.1956 2.77914 1.23949
seq07_02/frame-002060 -0.272126 0.721809 -0.583013 0.255019 -2.25467 2.85416 1.25638
seq07_02/frame-002070 -0.263884 0.722702 -0.585837 0.254678 -2.27456 2.90509 1.25553
seq07_02/frame-002080 -0.251933 0.720493 -0.59106 0.260899 -2.24374 2.9077 1.24676
seq07_02/frame-002090 -0.239581 0.706381 -0.609909 0.267653 -2.13719 2.87451 1.20909
seq07_02/frame-002100 -0.243102 0.720001 -0.601471 0.246441 -2.00322 2.8338 1.18282
seq07_02/frame-002110 -0.245028 0.732052 -0.589091 0.238818 -1.9327 2.82874 1.16605
seq07_02/frame-002120 -0.239783 0.731137 -0.601135 0.21582 -1.93549 2.8941 1.14128
seq07_02/frame-002130 -0.214671 0.720173 -0.621722 0.220747 -1.95876 2.99912 1.11804
seq07_02/frame-002140 -0.220819 0.716167 -0.625582 0.216772 -1.98643 3.07353 1.13359
seq07_02/frame-002150 -0.219712 0.717425 -0.621534 0.22522 -2.00669 3.11261 1.15057
seq07_02/frame-002160 -0.210495 0.730673 -0.606041 0.233499 -2.00897 3.1311 1.16522
seq07_02/frame-002170 -0.200983 0.74391 -0.593156 0.233175 -1.98585 3.12696 1.1852
seq07_02/frame-002180 -0.207396 0.779623 -0.557446 0.19603 -1.93964 3.10777 1.17711
seq07_02/frame-002190 -0.216473 0.821357 -0.503904 0.156823 -1.84461 3.02018 1.14924
seq07_02/frame-002200 -0.231679 0.864746 -0.429315 0.119289 -1.73424 2.93076 1.12469
seq07_02/frame-002210 -0.246697 0.897583 -0.357475 0.0754748 -1.66676 2.89643 1.11444
seq07_02/frame-002220 -0.236245 0.911583 -0.327856 0.0755983 -1.59648 2.90652 1.10963
seq07_02/frame-002230 -0.230698 0.924951 -0.292664 0.0747746 -1.5408 2.93763 1.12968
seq07_02/frame-002240 -0.213406 0.949883 -0.219706 0.0625209 -1.48843 2.93616 1.11952
seq07_02/frame-002250 -0.237869 0.961729 -0.134164 0.0222813 -1.40112 2.90528 1.10455
seq07_02/frame-002260 -0.241098 0.96879 -0.0556854 -0.0147202 -1.33792 2.8709 1.09153
seq07_02/frame-002270 -0.248703 0.967746 -0.0384722 -0.0115759 -1.27867 2.85562 1.08785
seq07_02/frame-002280 -0.267217 0.958691 -0.0960649 0.0166828 -1.2237 2.85752 1.08797
seq07_02/frame-002290 -0.307845 0.902611 -0.283521 0.100706 -1.16138 2.83216 1.11371
seq07_02/frame-002300 -0.325569 0.819657 -0.435676 0.179873 -1.11556 2.8068 1.17022
seq07_02/frame-002310 -0.33888 0.738578 -0.530687 0.240904 -1.09785 2.80009 1.26057
seq07_02/frame-002320 -0.346498 0.692507 -0.557252 0.29974 -1.09883 2.79178 1.34118
seq07_02/frame-002330 -0.382865 0.629663 -0.576106 0.353612 -1.11342 2.75719 1.43473
seq07_02/frame-002340 0.376178 -0.556288 0.605642 -0.426885 -1.16993 2.73693 1.51337
seq07_02/frame-002350 0.360751 -0.501719 0.620703 -0.48256 -1.24329 2.74764 1.57746
seq07_02/frame-002360 0.354108 -0.465975 0.626791 -0.514401 -1.32346 2.75844 1.62581
seq07_02/frame-002370 0.379283 -0.441937 0.593945 -0.555037 -1.40361 2.78487 1.7013
seq07_02/frame-002380 -0.410101 0.424315 -0.567724 0.57399 -1.46976 2.80649 1.75043
seq07_02/frame-002390 -0.43877 0.398586 -0.544081 0.593791 -1.52078 2.81502 1.79562
seq07_02/frame-002400 -0.459959 0.364129 -0.521852 0.619289 -1.57321 2.81554 1.83688
seq07_02/frame-002410 -0.457632 0.322037 -0.515314 0.649088 -1.63069 2.80221 1.86481
seq07_02/frame-002420 -0.437523 0.284628 -0.518997 0.676906 -1.68607 2.77767 1.87903
seq07_02/frame-002430 -0.452719 0.261718 -0.51836 0.676647 -1.75204 2.71961 1.88114
seq07_02/frame-002440 -0.443307 0.245629 -0.518485 0.688708 -1.83121 2.65978 1.8794
seq07_02/frame-002450 -0.415317 0.259296 -0.574636 0.655796 -1.87254 2.60705 1.82912
seq07_02/frame-002460 0.373719 -0.329602 0.629194 -0.596499 -1.89356 2.63807 1.75196
seq07_02/frame-002470 0.336283 -0.395445 0.662484 -0.540048 -1.91098 2.72906 1.67896
seq07_02/frame-002480 0.311553 -0.422361 0.674498 -0.519229 -1.94578 2.77448 1.63976
seq07_02/frame-002490 0.283055 -0.4424 0.69752 -0.48747 -1.95646 2.78694 1.5901
seq07_02/frame-002500 0.229231 -0.474107 0.720847 -0.450617 -1.97144 2.78689 1.52949
seq07_02/frame-002510 0.236352 -0.507151 0.725685 -0.400397 -2.02686 2.75853 1.48312
seq07_02/frame-002520 0.224261 -0.501884 0.749607 -0.368656 -2.14124 2.66096 1.4471
seq07_02/frame-002530 0.21445 -0.497139 0.76623 -0.346057 -2.24994 2.57818 1.41112
seq07_02/frame-002540 0.20869 -0.474561 0.788985 -0.329761 -2.31733 2.55586 1.38909
seq07_02/frame-002550 0.176242 -0.425237 0.819879 -0.340455 -2.36418 2.5741 1.37521
seq07_02/frame-002560 0.118163 -0.431347 0.838983 -0.309976 -2.37166 2.62917 1.33068
seq07_02/frame-002570 0.0733837 -0.453181 0.847312 -0.267028 -2.37835 2.67529 1.2756
seq07_02/frame-002580 0.0374504 -0.435188 0.869205 -0.231716 -2.42171 2.68806 1.22537
seq07_02/frame-002590 0.0223193 -0.362195 0.902011 -0.233866 -2.51984 2.64479 1.20515
seq07_02/frame-002600 0.0383736 -0.314964 0.905321 -0.282346 -2.61743 2.58781 1.23385
seq07_02/frame-002610 0.112102 -0.384319 0.87026 -0.287017 -2.62668 2.60233 1.22182
seq07_02/frame-002620 0.144768 -0.419656 0.850195 -0.283015 -2.56908 2.66845 1.19352
seq07_02/frame-002630 0.12697 -0.389782 0.853128 -0.322678 -2.49141 2.77279 1.18515
seq07_02/frame-002640 0.0824813 -0.32587 0.869985 -0.360737 -2.40614 2.8736 1.16946
seq07_02/frame-002650 0.0820555 -0.306026 0.872834 -0.371182 -2.32304 2.97519 1.16784
seq07_02/frame-002660 0.0868302 -0.290082 0.870986 -0.386906 -2.25233 3.02168 1.17167
seq07_02/frame-002670 0.0947435 -0.272587 0.865582 -0.409253 -2.1976 3.05572 1.17972
seq07_02/frame-002680 0.0770152 -0.212874 0.887928 -0.400421 -2.14804 3.01474 1.15814
seq07_02/frame-002690 0.0128777 -0.144889 0.906379 -0.396634 -2.07067 3.00417 1.12509
seq07_02/frame-002700 -0.0145852 -0.112325 0.913448 -0.390875 -1.99836 3.03758 1.10106
seq07_02/frame-002710 -0.00909031 -0.0924746 0.92305 -0.37329 -1.95337 3.05854 1.08321
seq07_02/frame-002720 0.00904879 -0.0917818 0.923618 -0.372054 -1.94443 3.05658 1.08487
seq07_02/frame-002730 0.0364333 -0.130909 0.924665 -0.35571 -1.98567 3.04192 1.09124
seq07_02/frame-002740 0.0374356 -0.150173 0.925614 -0.345378 -2.06567 2.99133 1.08886
seq07_02/frame-002750 0.0946542 -0.263369 0.899408 -0.335771 -2.15415 2.92172 1.10182
seq07_02/frame-002760 0.130259 -0.348827 0.877929 -0.300984 -2.27404 2.84625 1.12289
seq07_02/frame-002770 0.11799 -0.405824 0.857297 -0.293986 -2.40367 2.82632 1.14805
seq07_02/frame-002780 0.0977816 -0.456585 0.832694 -0.297638 -2.50792 2.76434 1.16765
seq07_02/frame-002790 0.121324 -0.483645 0.815176 -0.294712 -2.59056 2.60775 1.16774
seq07_02/frame-002800 0.136268 -0.51858 0.790972 -0.294734 -2.64544 2.46327 1.179
seq07_02/frame-002810 0.144094 -0.547185 0.766673 -0.303377 -2.63173 2.33208 1.18504
seq07_02/frame-002820 0.145377 -0.566719 0.750198 -0.308052 -2.5473 2.18082 1.21752
seq07_02/frame-002830 0.163338 -0.59678 0.722164 -0.309281 -2.47209 2.05534 1.24603
seq07_02/frame-002840 0.219185 -0.629108 0.678843 -0.308795 -2.41356 1.88939 1.24676
seq07_02/frame-002850 -0.256511 0.65762 -0.642582 0.29804 -2.37665 1.75703 1.27424
seq07_02/frame-002860 -0.265125 0.678217 -0.616491 0.29945 -2.26649 1.66115 1.26852
seq07_02/frame-002870 -0.243461 0.664146 -0.628592 0.323278 -2.13717 1.56529 1.29811
seq07_02/frame-002880 -0.279373 0.6484 -0.631234 0.321048 -2.02149 1.50026 1.31114
seq07_02/frame-002890 -0.332791 0.659257 -0.591988 0.322767 -1.89953 1.38318 1.34582
seq07_02/frame-002900 -0.352056 0.666988 -0.574408 0.318181 -1.80408 1.29237 1.35842
seq07_02/frame-002910 -0.341873 0.662685 -0.580848 0.326476 -1.64148 1.23102 1.34467
seq07_02/frame-002920 -0.310575 0.654601 -0.602346 0.334993 -1.47685 1.16295 1.35551
seq07_02/frame-002930 -0.313852 0.665513 -0.595899 0.321703 -1.31449 1.0594 1.33056
seq07_02/frame-002940 -0.355379 0.705909 -0.540045 0.289394 -1.17056 0.939003 1.3317
seq07_02/frame-002950 -0.350977 0.723759 -0.534825 0.258749 -1.02896 0.85318 1.30746
seq07_02/frame-002960 -0.355965 0.738818 -0.524426 0.228939 -0.866987 0.804081 1.28599
seq07_02/frame-002970 -0.328839 0.76443 -0.508625 0.220938 -0.745988 0.751402 1.2765
seq07_02/frame-002980 -0.34742 0.790677 -0.46082 0.204388 -0.65373 0.643011 1.26222
seq07_02/frame-002990 -0.365995 0.831697 -0.385558 0.16023 -0.58608 0.535073 1.26803
seq07_02/frame-003000 -0.386335 0.844447 -0.342604 0.142398 -0.51735 0.523559 1.27099
seq07_02/frame-003010 -0.343744 0.866033 -0.325068 0.161732 -0.430911 0.540957 1.26653
seq07_02/frame-003020 -0.341733 0.885456 -0.284823 0.134395 -0.376629 0.573738 1.25346
seq07_02/frame-003030 -0.358748 0.907396 -0.19359 0.102251 -0.400582 0.533852 1.25028
seq07_02/frame-003040 -0.355949 0.918334 -0.145218 0.0942018 -0.442413 0.442285 1.21817
seq07_02/frame-003050 -0.355662 0.921476 -0.129395 0.0874253 -0.479201 0.408903 1.19724
seq07_02/frame-003060 -0.365442 0.915239 -0.135295 0.102397 -0.50409 0.44248 1.20706
seq07_02/frame-003070 -0.371669 0.909513 -0.146629 0.11467 -0.505144 0.477388 1.22341
seq07_02/frame-003080 -0.396381 0.900403 -0.136519 0.11627 -0.543633 0.516712 1.26126
seq07_02/frame-003090 -0.396092 0.914058 -0.0505257 0.0711102 -0.655292 0.553373 1.2751
seq07_02/frame-003100 -0.377893 0.923885 -0.0462669 0.0386283 -0.760543 0.622091 1.26402
seq07_02/frame-003110 -0.378619 0.919273 -0.0999221 0.0399924 -0.824673 0.725461 1.26601
seq07_02/frame-003120 -0.363811 0.902494 -0.210595 0.0937883 -0.83799 0.831027 1.2516
seq07_02/frame-003130 -0.334126 0.901005 -0.262355 0.0878661 -0.821912 0.947641 1.22081
seq07_02/frame-003140 -0.333714 0.880073 -0.323266 0.0980125 -0.760102 1.10181 1.18358
seq07_02/frame-003150 -0.284201 0.863734 -0.398448 0.120136 -0.71234 1.24224 1.13458
seq07_02/frame-003160 -0.310769 0.845993 -0.406983 0.148605 -0.740699 1.33621 1.15266
seq07_02/frame-003170 -0.381836 0.854416 -0.328761 0.126851 -0.807617 1.43459 1.29079
seq07_02/frame-003180 -0.4624 0.842364 -0.237052 0.14288 -0.81581 1.5418 1.39115
seq07_02/frame-003190 0.518443 -0.822427 0.211957 -0.0995297 -0.775798 1.65444 1.44101
seq07_02/frame-003200 0.552393 -0.80447 0.195382 -0.097548 -0.75742 1.73376 1.47358
seq07_02/frame-003210 0.584918 -0.778665 0.199205 -0.108954 -0.814536 1.74338 1.52981
seq07_02/frame-003220 0.626186 -0.748392 0.184499 -0.117308 -0.893002 1.74441 1.60199
seq07_02/frame-003230 0.652328 -0.731477 0.160759 -0.116467 -0.939961 1.72645 1.64847
seq07_02/frame-003240 0.684769 -0.703808 0.15003 -0.115048 -0.967317 1.69967 1.6918
seq07_02/frame-003250 0.716791 -0.669303 0.144363 -0.131918 -0.982104 1.66538 1.73323
seq07_02/frame-003260 0.751585 -0.623998 0.143964 -0.158174 -0.987285 1.62142 1.78109
seq07_02/frame-003270 0.777896 -0.577547 0.162659 -0.186705 -0.969864 1.56696 1.81591
seq07_02/frame-003280 0.794318 -0.52484 0.203474 -0.228475 -0.93711 1.50559 1.84936
seq07_02/frame-003290 0.791342 -0.502279 0.246188 -0.24675 -0.887192 1.46609 1.85514
seq07_02/frame-003300 0.763214 -0.530148 0.260063 -0.262329 -0.829722 1.44794 1.82911
seq07_02/frame-003310 0.712008 -0.621632 0.230247 -0.231524 -0.773381 1.50552 1.75426
seq07_02/frame-003320 0.704331 -0.671723 0.182883 -0.138779 -0.797947 1.55351 1.71724
seq07_02/frame-003330 0.727469 -0.665187 0.124569 -0.11313 -0.97113 1.51823 1.74454
seq07_02/frame-003340 0.73813 -0.663678 0.0829541 -0.0884047 -1.14764 1.48454 1.76278
seq07_02/frame-003350 0.76834 -0.634432 0.055887 -0.0634408 -1.2515 1.44195 1.81274
seq07_02/frame-003360 0.798655 -0.597498 0.0497788 -0.0516549 -1.28325 1.40914 1.86799
seq07_02/frame-003370 0.819875 -0.571304 0.0276688 -0.0255184 -1.30657 1.38567 1.9045
seq07_02/frame-003380 0.823281 -0.567333 -0.00653855 0.0173436 -1.34499 1.37444 1.9206
seq07_02/frame-003390 0.809895 -0.573069 -0.0894154 0.0875628 -1.43709 1.36117 1.9047
seq07_02/frame-003400 0.791093 -0.582252 -0.130245 0.134873 -1.49111 1.39118 1.87899
seq07_02/frame-003410 0.744734 -0.617477 -0.184543 0.173311 -1.506 1.48075 1.82465
seq07_02/frame-003420 0.69547 -0.660283 -0.208456 0.192078 -1.49181 1.58186 1.73798
seq07_02/frame-003430 0.655621 -0.705815 -0.209032 0.168202 -1.49378 1.62492 1.66255
seq07_02/frame-003440 0.626302 -0.750063 -0.175455 0.119858 -1.52505 1.59955 1.60915
seq07_02/frame-003450 0.599192 -0.784895 -0.135392 0.0811133 -1.56255 1.55054 1.56025
seq07_02/frame-003460 0.56609 -0.813937 -0.122517 0.0451594 -1.57522 1.52335 1.52078
seq07_02/frame-003470 0.518168 -0.839711 -0.149333 0.0639265 -1.61021 1.51913 1.46938
seq07_02/frame-003480 -0.47553 0.859147 0.172873 -0.0765015 -1.61599 1.5478 1.4113
seq07_02/frame-003490 -0.433345 0.866279 0.221806 -0.112135 -1.59798 1.59491 1.36574
seq07_02/frame-003500 -0.38563 0.870873 0.271874 -0.137673 -1.60747 1.60712 1.30134
seq07_02/frame-003510 -0.326363 0.901771 0.257719 -0.117798 -1.59385 1.62278 1.20502
seq07_02/frame-003520 -0.312149 0.924817 0.193648 -0.0988811 -1.56548 1.61348 1.14709
seq07_02/frame-003530 -0.310631 0.933649 0.162968 -0.0724517 -1.57737 1.52771 1.13542
seq07_02/frame-003540 -0.361461 0.900232 0.219813 -0.103015 -1.62776 1.3988 1.2011
seq07_02/frame-003550 -0.419888 0.843767 0.299118 -0.149268 -1.67591 1.318 1.26763
seq07_02/frame-003560 -0.44064 0.788874 0.372056 -0.21234 -1.69284 1.29475 1.33288
seq07_02/frame-003570 -0.452737 0.719187 0.435427 -0.296991 -1.67722 1.32828 1.41382
seq07_02/frame-003580 -0.438355 0.670249 0.488435 -0.346472 -1.65361 1.38152 1.43937
seq07_02/frame-003590 -0.387302 0.673668 0.517702 -0.357984 -1.61901 1.32248 1.41473
seq07_02/frame-003600 -0.365414 0.712874 0.518902 -0.298368 -1.58454 1.16362 1.39937
seq07_02/frame-003610 -0.320912 0.7442 0.520822 -0.268192 -1.5636 0.998516 1.39167
seq07_02/frame-003620 -0.321769 0.751621 0.511025 -0.265299 -1.56824 0.925418 1.40748
seq07_02/frame-003630 -0.342718 0.758508 0.481564 -0.274419 -1.65151 0.926549 1.42278
seq07_02/frame-003640 -0.30732 0.782197 0.447779 -0.305311 -1.81929 0.964318 1.4265
seq07_02/frame-003650 -0.299753 0.799582 0.429402 -0.293993 -1.97308 0.977942 1.43153
seq07_02/frame-003660 -0.315242 0.830324 0.396299 -0.232664 -2.11223 0.929883 1.39436
seq07_02/frame-003670 -0.356926 0.834001 0.37933 -0.182087 -2.243 0.845904 1.36282
seq07_02/frame-003680 -0.352442 0.84391 0.37079 -0.161601 -2.3278 0.798515 1.32973
seq07_02/frame-003690 -0.385378 0.819536 0.378604 -0.19106 -2.35923 0.774745 1.30409
seq07_02/frame-003700 -0.390219 0.815025 0.382203 -0.193351 -2.33391 0.843751 1.3071
seq07_02/frame-003710 -0.393478 0.782605 0.43123 -0.216208 -2.24581 1.02115 1.32463
seq07_02/frame-003720 -0.41253 0.758655 0.451181 -0.225163 -2.13736 1.27828 1.33214
seq07_02/frame-003730 -0.406343 0.742904 0.485972 -0.216353 -2.05459 1.47498 1.32483
seq07_02/frame-003740 -0.391959 0.705535 0.550122 -0.214371 -2.03157 1.60865 1.3015
seq07_02/frame-003750 -0.399135 0.706033 0.555596 -0.183089 -2.10627 1.72521 1.27832
seq07_02/frame-003760 -0.361449 0.678201 0.616672 -0.170626 -2.23176 1.8333 1.26189
seq07_02/frame-003770 -0.329778 0.623382 0.678947 -0.204135 -2.35804 1.97846 1.23633
seq07_02/frame-003780 -0.312341 0.555397 0.743415 -0.203256 -2.42479 2.04172 1.21887
seq07_02/frame-003790 -0.313212 0.575187 0.716488 -0.240214 -2.42189 1.98729 1.26469
seq07_02/frame-003800 -0.354581 0.618721 0.643893 -0.277232 -2.38894 1.85391 1.35156
seq07_02/frame-003810 -0.377243 0.611555 0.630367 -0.293811 -2.3348 1.74355 1.41129
seq07_02/frame-003820 -0.412541 0.607724 0.575479 -0.35959 -2.21017 1.70571 1.48854
seq07_02/frame-003830 -0.431078 0.573393 0.562806 -0.410658 -2.12275 1.63445 1.55474
seq07_02/frame-003840 -0.486251 0.549989 0.520419 -0.43616 -2.03815 1.51492 1.60863
seq07_02/frame-003850 0.53351 -0.557427 -0.456431 0.443072 -1.95575 1.36858 1.66118
seq07_02/frame-003860 0.584684 -0.546569 -0.411458 0.436015 -1.8549 1.28521 1.73207
seq07_02/frame-003870 0.634753 -0.529401 -0.354122 0.437517 -1.7026 1.30645 1.77701
seq07_02/frame-003880 0.662436 -0.549575 -0.30482 0.407713 -1.5767 1.39143 1.78801
seq07_02/frame-003890 0.676539 -0.55349 -0.268364 0.404875 -1.467 1.45071 1.79559
seq07_02/frame-003900 0.654114 -0.583617 -0.267437 0.400005 -1.4282 1.44933 1.78683
seq07_02/frame-003910 0.670152 -0.540662 -0.259078 0.43756 -1.42101 1.29743 1.83378
seq07_02/frame-003920 0.666916 -0.492808 -0.289336 0.47817 -1.4573 1.13463 1.87363
seq07_02/frame-003930 0.61968 -0.428684 -0.357272 0.55189 -1.48146 1.04391 1.89062
seq07_02/frame-003940 0.574302 -0.372102 -0.40935 0.603448 -1.49292 1.02854 1.89855
seq07_02/frame-003950 0.515685 -0.354769 -0.451452 0.635923 -1.5157 1.04383 1.88859
seq07_02/frame-003960 0.465451 -0.383533 -0.501256 0.620484 -1.57543 1.04821 1.81201
seq07_02/frame-003970 0.485985 -0.444941 -0.513897 0.549322 -1.60286 1.04592 1.75803
seq07_02/frame-003980 0.514909 -0.46917 -0.536143 0.476759 -1.60125 0.989627 1.70464
seq07_02/frame-003990 -0.483654 0.431684 0.603031 -0.464845 -1.60396 0.929917 1.64833
seq07_02/frame-004000 -0.425303 0.373443 0.638821 -0.52112 -1.60671 0.935393 1.63767
seq07_02/frame-004010 -0.355044 0.336532 0.662558 -0.567191 -1.62528 0.978416 1.63111
seq07_02/frame-004020 -0.301142 0.337727 0.650338 -0.610175 -1.63806 0.958961 1.64584
seq07_02/frame-004030 0.314699 -0.309751 -0.622459 0.646191 -1.62823 0.867499 1.69865
seq07_02/frame-004040 0.330069 -0.284659 -0.575908 0.691631 -1.61679 0.806016 1.74873
seq07_02/frame-004050 0.314893 -0.250135 -0.554033 0.728918 -1.62427 0.811383 1.78519
seq07_02/frame-004060 0.294542 -0.230776 -0.521231 0.767011 -1.63743 0.847496 1.81833
seq07_02/frame-004070 0.273049 -0.199706 -0.49292 0.801618 -1.62207 0.879215 1.84627
seq07_02/frame-004080 0.212003 -0.164169 -0.471899 0.83989 -1.58457 0.899017 1.86852
seq07_02/frame-004090 0.162428 -0.118872 -0.477688 0.855161 -1.54505 0.902657 1.87635
seq07_02/frame-004100 0.107466 -0.0705929 -0.489636 0.862394 -1.50341 0.900941 1.87672
seq07_02/frame-004110 0.0630104 -0.0273688 -0.505695 0.859973 -1.46924 0.893606 1.86937
seq07_02/frame-004120 0.0194511 0.016368 -0.532397 0.846113 -1.42643 0.868116 1.85484
seq07_02/frame-004130 -0.000148552 0.0491094 -0.584238 0.810096 -1.39003 0.81404 1.82018
seq07_02/frame-004140 0.0240952 0.0414632 -0.632294 0.773244 -1.37737 0.740319 1.77155
seq07_02/frame-004150 0.0769943 -0.0147769 -0.68952 0.720011 -1.40316 0.654722 1.70855
seq07_02/frame-004160 -0.0880811 0.0485931 0.738092 -0.667159 -1.42502 0.610092 1.64374
seq07_02/frame-004170 -0.0699181 0.0651444 0.766415 -0.635197 -1.43522 0.583035 1.58846
seq07_02/frame-004180 -0.104979 0.136602 0.774288 -0.60893 -1.49398 0.588241 1.55523
seq07_02/frame-004190 -0.146855 0.205481 0.758944 -0.600178 -1.59253 0.643121 1.55713
seq07_02/frame-004200 -0.169485 0.240194 0.748286 -0.594685 -1.7049 0.752291 1.57078
seq07_02/frame-004210 -0.158142 0.227537 0.763163 -0.583781 -1.79632 0.838116 1.5711
seq07_02/frame-004220 -0.169793 0.236128 0.77051 -0.56721 -1.8824 0.904605 1.56563
seq07_02/frame-004230 -0.171916 0.260367 0.78948 -0.52856 -1.97794 0.910573 1.5246
seq07_02/frame-004240 -0.204419 0.267567 0.822538 -0.458315 -2.06916 0.868722 1.46798
seq07_02/frame-004250 -0.173639 0.264262 0.84647 -0.428374 -2.14675 0.867293 1.42423
seq07_02/frame-004260 -0.161145 0.224372 0.854863 -0.439202 -2.27749 0.959885 1.41179
seq07_02/frame-004270 -0.161261 0.18943 0.857289 -0.45074 -2.42525 1.07273 1.42255
seq07_02/frame-004280 -0.140487 0.160201 0.868231 -0.448078 -2.55012 1.05634 1.39809
seq07_02/frame-004290 -0.169488 0.12736 0.876127 -0.432961 -2.68675 0.970618 1.39713
seq07_02/frame-004300 -0.134975 0.0621854 0.88321 -0.44481 -2.7963 0.888259 1.40059
seq07_02/frame-004310 -0.0760234 -0.0260012 0.880114 -0.467914 -2.91555 0.837183 1.40716
seq07_02/frame-004320 -0.0395918 -0.0612753 0.879532 -0.470215 -2.97641 0.80442 1.39163
seq07_02/frame-004330 -0.0426564 -0.0489091 0.88257 -0.465681 -3.0115 0.753316 1.3774
seq07_02/frame-004340 -0.0380087 -0.0317229 0.888838 -0.455539 -2.9963 0.711088 1.35832
seq07_02/frame-004350 -0.0767874 0.0108493 0.897431 -0.434285 -2.93283 0.661063 1.33491
seq07_02/frame-004360 -0.0802173 0.00892348 0.897143 -0.434304 -2.84396 0.630872 1.35029
seq07_02/frame-004370 -0.0739025 -0.0309637 0.89603 -0.436704 -2.83014 0.630712 1.37239
seq07_02/frame-004380 -0.0458218 -0.0913546 0.889232 -0.445894 -2.90767 0.633915 1.38071
seq07_02/frame-004390 -0.0138062 -0.13126 0.884023 -0.448423 -3.09369 0.613047 1.39064
seq07_02/frame-004400 0.00699379 -0.104421 0.873527 -0.475393 -3.18599 0.612723 1.41483
seq07_02/frame-004410 0.0273672 -0.0835619 0.87104 -0.483278 -3.22497 0.605632 1.41361
seq07_02/frame-004420 0.0330687 -0.0855256 0.875292 -0.474823 -3.23178 0.600571 1.40063
seq07_02/frame-004430 0.0469992 -0.0912237 0.880808 -0.46222 -3.22466 0.593799 1.38195
seq07_02/frame-004440 0.0560462 -0.107945 0.879281 -0.460513 -3.2148 0.604778 1.37827
seq07_02/frame-004450 0.0770479 -0.17407 0.868708 -0.457285 -3.16135 0.626307 1.36452
seq07_02/frame-004460 0.104099 -0.202698 0.861049 -0.454612 -3.13103 0.630368 1.3538
seq07_02/frame-004470 0.106163 -0.209689 0.863626 -0.445995 -3.08094 0.637582 1.33656
seq07_02/frame-004480 0.104474 -0.192316 0.87751 -0.426704 -2.94086 0.684561 1.34291
seq07_02/frame-004490 0.080272 -0.184731 0.880717 -0.428683 -2.74939 0.792052 1.35773
seq07_02/frame-004500 0.0865491 -0.169235 0.880103 -0.435071 -2.5492 0.909122 1.38177
seq07_02/frame-004510 0.101379 -0.197967 0.853399 -0.471426 -2.39743 0.974916 1.42027
seq07_02/frame-004520 0.118209 -0.203536 0.849143 -0.472817 -2.22155 0.961923 1.40894
seq07_02/frame-004530 0.112515 -0.168603 0.86033 -0.467703 -2.03112 0.901763 1.42506
seq07_02/frame-004540 0.0966779 -0.158962 0.856552 -0.481356 -1.83394 0.927718 1.4139
seq07_02/frame-004550 0.0722687 -0.114253 0.865576 -0.482183 -1.63901 0.96665 1.43313
seq07_02/frame-004560 0.045977 -0.0981342 0.864577 -0.490677 -1.48628 0.933772 1.43306
seq07_02/frame-004570 0.0617007 -0.0702755 0.871476 -0.48144 -1.34649 0.799504 1.42277
seq07_02/frame-004580 0.0323192 -0.0201172 0.878996 -0.475308 -1.22701 0.640835 1.42064
seq07_02/frame-004590 -0.00569061 0.025931 0.874687 -0.48396 -1.1202 0.555644 1.41488
seq07_02/frame-004600 -0.0490345 0.0846835 0.87628 -0.47176 -1.00848 0.465225 1.42689
seq07_02/frame-004610 -0.0695106 0.104051 0.885171 -0.448123 -0.920799 0.312512 1.38139
seq07_02/frame-004620 -0.0498639 0.140005 0.887906 -0.435356 -0.863533 0.136208 1.37572
seq07_02/frame-004630 -0.0701599 0.154579 0.86928 -0.464258 -0.813271 0.0212626 1.39442
seq07_02/frame-004640 -0.095606 0.121205 0.846771 -0.509065 -0.754436 -0.0567635 1.45563
seq07_02/frame-004650 -0.0854427 0.0826879 0.850341 -0.512622 -0.768761 -0.174904 1.47832
seq07_02/frame-004660 -0.0434372 0.0231348 0.867429 -0.495121 -0.831746 -0.352516 1.45591
seq07_02/frame-004670 -0.0199255 -0.0133887 0.874622 -0.484212 -0.863539 -0.449422 1.44739
seq07_02/frame-004680 -0.0155673 -0.0460947 0.878585 -0.475101 -0.845204 -0.482353 1.44863
seq07_02/frame-004690 -0.0110456 -0.0868355 0.877216 -0.472048 -0.773218 -0.495456 1.46849
seq07_02/frame-004700 0.0104763 -0.134088 0.875076 -0.464922 -0.710792 -0.605539 1.4624
seq07_02/frame-004710 0.0348448 -0.180388 0.869254 -0.458959 -0.685211 -0.811612 1.4163
seq07_02/frame-004720 0.0538178 -0.201136 0.881198 -0.424426 -0.677835 -0.946751 1.37386
seq07_02/frame-004730 0.0394486 -0.156445 0.893574 -0.418922 -0.731315 -1.00654 1.35342
seq07_02/frame-004740 -0.011124 -0.0619366 0.904349 -0.422128 -0.870988 -1.01284 1.34169
seq07_02/frame-004750 -0.0635891 0.0344312 0.907087 -0.414686 -1.012 -0.969405 1.33146
seq07_02/frame-004760 -0.129258 0.140437 0.88833 -0.417658 -1.13874 -0.853894 1.35976
seq07_02/frame-004770 -0.181178 0.219539 0.859529 -0.424484 -1.17185 -0.67802 1.41422
seq07_02/frame-004780 -0.231479 0.27522 0.815835 -0.452865 -1.17114 -0.5063 1.48813
seq07_02/frame-004790 -0.258405 0.303747 0.791114 -0.463793 -1.21359 -0.444641 1.52817
seq07_02/frame-004800 -0.294058 0.353264 0.743173 -0.48624 -1.30414 -0.436606 1.553
seq07_02/frame-004810 -0.345815 0.365433 0.652814 -0.566307 -1.32157 -0.337372 1.60854
seq07_02/frame-004820 -0.352443 0.384317 0.642517 -0.561475 -1.2829 -0.174519 1.63779
seq07_02/frame-004830 -0.387654 0.376022 0.622711 -0.566183 -1.23764 -0.0485455 1.67219
seq07_02/frame-004840 -0.424952 0.385754 0.585068 -0.57298 -1.22762 0.092936 1.69873
seq07_02/frame-004850 0.490025 -0.410987 -0.527799 0.558922 -1.24551 0.297034 1.72177
seq07_02/frame-004860 0.513258 -0.450768 -0.49786 0.534332 -1.25923 0.445994 1.71246
seq07_02/frame-004870 -0.499219 0.529642 0.493723 -0.475916 -1.2715 0.534041 1.67812
seq07_02/frame-004880 -0.49168 0.604374 0.480761 -0.402306 -1.2558 0.566689 1.6369
seq07_02/frame-004890 -0.488043 0.649655 0.456803 -0.362068 -1.22535 0.568138 1.61584
seq07_02/frame-004900 -0.476066 0.682456 0.44891 -0.325721 -1.19654 0.556762 1.58691
seq07_02/frame-004910 -0.470466 0.697167 0.438775 -0.316379 -1.18942 0.565008 1.57982
seq07_02/frame-004920 -0.460245 0.703518 0.443031 -0.311384 -1.19447 0.570881 1.56668
seq07_02/frame-004930 -0.439972 0.704813 0.464157 -0.306954 -1.22731 0.538424 1.5339
seq07_02/frame-004940 -0.447768 0.70662 0.462386 -0.293925 -1.28386 0.442814 1.50641
seq07_02/frame-004950 -0.434435 0.695872 0.479007 -0.312377 -1.31816 0.338071 1.4939
seq07_02/frame-004960 -0.419619 0.686879 0.495935 -0.325833 -1.3319 0.283999 1.49337
seq07_02/frame-004970 -0.414345 0.682846 0.488731 -0.350972 -1.34798 0.292408 1.52364
seq07_02/frame-004980 -0.405534 0.685341 0.47847 -0.37002 -1.37503 0.414915 1.56388
seq07_02/frame-004990 -0.391753 0.67216 0.510305 -0.366497 -1.41855 0.586586 1.57093
seq07_02/frame-005000 -0.384221 0.676417 0.519404 -0.35363 -1.48062 0.69246 1.55756
seq07_02/frame-005010 -0.377624 0.66777 0.535198 -0.353619 -1.61692 0.722579 1.52881
seq07_02/frame-005020 -0.389178 0.679431 0.537106 -0.313735 -1.76003 0.76604 1.49106
seq07_02/frame-005030 -0.361385 0.705876 0.533831 -0.293537 -1.91403 0.838225 1.44798
seq07_02/frame-005040 -0.340254 0.674841 0.576359 -0.310848 -2.06815 0.902373 1.44847
seq07_02/frame-005050 -0.316145 0.653506 0.604355 -0.328233 -2.22738 0.857122 1.4262
seq07_02/frame-005060 -0.304089 0.655792 0.614386 -0.316223 -2.38388 0.756452 1.39758
seq07_02/frame-005070 -0.256422 0.665926 0.62722 -0.312068 -2.48322 0.736025 1.37806
seq07_02/frame-005080 -0.225072 0.619493 0.672028 -0.337563 -2.61221 0.8642 1.36133
seq07_02/frame-005090 -0.23158 0.539189 0.738913 -0.331141 -2.71948 1.06607 1.33919
seq07_02/frame-005100 -0.214584 0.503032 0.771523 -0.32506 -2.81599 1.21428 1.30814
seq07_02/frame-005110 -0.219787 0.471065 0.794124 -0.314894 -2.93793 1.28961 1.28545
seq07_02/frame-005120 -0.199526 0.429195 0.81658 -0.330422 -3.0408 1.38589 1.29296
seq07_02/frame-005130 -0.148621 0.342799 0.84697 -0.378209 -3.11807 1.51411 1.29071
seq07_02/frame-005140 -0.123537 0.274376 0.880281 -0.366825 -3.14601 1.56678 1.28246
seq07_02/frame-005150 -0.0939253 0.229596 0.891556 -0.378934 -3.16092 1.55862 1.2671
seq07_02/frame-005160 -0.0963137 0.194814 0.90256 -0.371694 -3.16432 1.53677 1.25817
seq07_02/frame-005170 -0.0868482 0.226004 0.908561 -0.340434 -3.16097 1.54976 1.20847
seq07_02/frame-005180 -0.14156 0.303053 0.87588 -0.347783 -3.09137 1.43979 1.27822
seq07_02/frame-005190 -0.245457 0.352469 0.836984 -0.339078 -3.00047 1.20819 1.29373
seq07_02/frame-005200 -0.299064 0.389502 0.828933 -0.267804 -2.94814 1.02851 1.28196
seq07_02/frame-005210 -0.353575 0.411359 0.798063 -0.26242 -2.97046 0.907263 1.26071
seq07_02/frame-005220 -0.284735 0.416351 0.8168 -0.280027 -3.02294 0.796872 1.27329
seq07_02/frame-005230 -0.324994 0.497272 0.768176 -0.23876 -3.05971 0.737675 1.27831
seq07_02/frame-005240 -0.387067 0.614636 0.667294 -0.164687 -3.08634 0.608673 1.25048
seq07_02/frame-005250 -0.409847 0.668358 0.610269 -0.113549 -3.07891 0.423884 1.22072
seq07_02/frame-005260 -0.421559 0.677384 0.591046 -0.11876 -3.07242 0.359154 1.19023
seq07_02/frame-005270 -0.395292 0.638355 0.654487 -0.088843 -3.06731 0.352182 1.14733
seq07_02/frame-005280 -0.322483 0.457596 0.804587 -0.198116 -3.01551 0.419707 1.23589
seq07_02/frame-005290 -0.271594 0.376586 0.842352 -0.27361 -3.01162 0.55074 1.31221
seq07_02/frame-005300 -0.229236 0.306238 0.863232 -0.329394 -3.01029 0.734039 1.35243
seq07_02/frame-005310 -0.0843669 0.166517 0.900182 -0.39348 -2.96155 0.816338 1.37045
seq07_02/frame-005320 -0.0951925 0.126984 0.875787 -0.455861 -2.83827 0.891557 1.42081
seq07_02/frame-005330 -0.0861425 0.126756 0.875066 -0.459097 -2.70059 0.954703 1.45526
seq07_02/frame-005340 -0.140839 0.110744 0.863375 -0.471682 -2.61672 0.965624 1.50142
seq07_02/frame-005350 -0.0860881 0.0701837 0.856674 -0.503758 -2.59745 0.964793 1.55027
seq07_02/frame-005360 -0.0297082 -0.00869575 0.819945 -0.571604 -2.64417 0.970687 1.59907
seq07_02/frame-005370 0.0348572 -0.0841305 0.818201 -0.567675 -2.71448 0.964352 1.59486
seq07_02/frame-005380 0.10617 -0.170152 0.815179 -0.543377 -2.70508 0.965466 1.57267
seq07_02/frame-005390 0.177764 -0.271619 0.799788 -0.504938 -2.6166 1.00112 1.54976
seq07_02/frame-005400 0.230919 -0.378671 0.770063 -0.45857 -2.46963 1.10241 1.53697
seq07_02/frame-005410 0.246555 -0.465442 0.741969 -0.414795 -2.34704 1.21969 1.51037
seq07_02/frame-005420 0.266037 -0.528874 0.702809 -0.39443 -2.27063 1.32076 1.50118
seq07_02/frame-005430 0.312081 -0.601446 0.646033 -0.351439 -2.24072 1.36196 1.50429
seq07_02/frame-005440 -0.311781 0.639046 -0.623254 0.325525 -2.24518 1.3285 1.48964
seq07_02/frame-005450 -0.194188 0.706829 -0.62554 0.267175 -2.23061 1.32177 1.33585
seq07_02/frame-005460 -0.0489916 0.801056 -0.595917 -0.0281244 -2.30837 1.40633 1.13974
seq07_02/frame-005470 -0.148358 0.810357 -0.564506 0.0514231 -2.27748 1.54992 1.21024